100.000000 0.812514 0.040079 4.059579 -0.000000 101.290000 
200.000000 0.813160 0.042291 4.276457 0.000000 101.120000 
300.000000 0.813585 0.042236 4.249129 -0.000000 100.603333 
400.000000 0.808474 0.041125 4.130196 -0.000000 100.430000 
500.000000 0.805176 0.040159 4.021433 0.000000 100.138000 
600.000000 0.805677 0.040179 4.026712 0.000000 100.218333 
700.000000 0.805843 0.040612 4.074210 0.000000 100.321429 
800.000000 0.802912 0.039808 3.986983 0.000000 100.155000 
900.000000 0.802310 0.039367 3.940617 -0.000000 100.098889 
1000.000000 0.801926 0.039234 3.925513 -0.000000 100.054000 
1100.000000 0.799630 0.038642 3.861608 -0.000000 99.932727 
1200.000000 0.798949 0.038506 3.847724 -0.000000 99.925000 
1300.000000 0.798556 0.038216 3.818171 -0.000000 99.909231 
1400.000000 0.799080 0.038290 3.829420 -0.000000 100.011429 
1500.000000 0.799052 0.038279 3.831593 -0.000000 100.096000 
1600.000000 0.798234 0.038090 3.810809 -0.000000 100.048125 
1700.000000 0.797729 0.037847 3.784303 0.000000 99.990588 
1800.000000 0.796917 0.037798 3.775943 0.000000 99.898333 
1900.000000 0.797116 0.037797 3.779482 0.000000 99.994737 
2000.000000 0.797359 0.037807 3.780308 -0.000000 99.988500 
2100.000000 0.796971 0.037726 3.769350 0.000000 99.912857 
2200.000000 0.797604 0.037769 3.774190 0.000000 99.927273 
2300.000000 0.797849 0.037773 3.775122 0.000000 99.943043 
2400.000000 0.797069 0.037556 3.753239 0.000000 99.936667 
2500.000000 0.797497 0.037674 3.764081 0.000000 99.912000 
2600.000000 0.797473 0.037841 3.781624 -0.000000 99.934615 
2700.000000 0.797325 0.037776 3.776159 -0.000000 99.961852 
2800.000000 0.797629 0.037823 3.782228 -0.000000 99.998929 
2900.000000 0.797162 0.037773 3.776515 0.000000 99.979310 
3000.000000 0.796800 0.037835 3.780451 0.000000 99.918333 
3100.000000 0.796293 0.037717 3.766680 -0.000000 99.867419 
3200.000000 0.797296 0.038007 3.797619 -0.000000 99.919375 
3300.000000 0.797214 0.037939 3.792144 -0.000000 99.953030 
3400.000000 0.797227 0.038018 3.799841 -0.000000 99.948529 
3500.000000 0.797201 0.037919 3.790424 -0.000000 99.960571 
3600.000000 0.797123 0.037893 3.787210 -0.000000 99.945278 
3700.000000 0.796875 0.037857 3.782701 -0.000000 99.920541 
3800.000000 0.796757 0.037860 3.782617 -0.000000 99.910789 
3900.000000 0.796644 0.037827 3.777953 -0.000000 99.874103 
4000.000000 0.796708 0.037910 3.784977 -0.000000 99.840750 
4100.000000 0.796704 0.037856 3.778776 -0.000000 99.820976 
4200.000000 0.796958 0.037927 3.786698 -0.000000 99.842619 
4300.000000 0.797408 0.038076 3.801634 -0.000000 99.842558 
4400.000000 0.797292 0.038093 3.802151 -0.000000 99.813409 
4500.000000 0.797426 0.038012 3.794458 -0.000000 99.821333 
4600.000000 0.797080 0.037964 3.788153 -0.000000 99.783478 
4700.000000 0.796890 0.037921 3.783299 -0.000000 99.767447 
4800.000000 0.796975 0.037947 3.785249 -0.000000 99.751458 
4900.000000 0.797108 0.037972 3.788014 -0.000000 99.758571 
5000.000000 0.797284 0.037961 3.788068 0.000000 99.789600 
5100.000000 0.797339 0.037970 3.788893 -0.000000 99.785294 
5200.000000 0.797571 0.037986 3.790733 0.000000 99.792885 
5300.000000 0.797198 0.038031 3.794150 0.000000 99.763962 
5400.000000 0.796717 0.037934 3.783918 0.000000 99.751111 
5500.000000 0.797018 0.038045 3.795163 -0.000000 99.753273 
5600.000000 0.796807 0.038022 3.792904 -0.000000 99.754464 
5700.000000 0.796610 0.037936 3.783586 0.000000 99.735088 
5800.000000 0.796487 0.037942 3.784606 -0.000000 99.747414 
5900.000000 0.796487 0.037877 3.777990 0.000000 99.743729 
6000.000000 0.796593 0.037896 3.779529 0.000000 99.734667 
6100.000000 0.796678 0.037878 3.778810 -0.000000 99.763279 
6200.000000 0.796621 0.037857 3.777512 -0.000000 99.782581 
6300.000000 0.796339 0.037816 3.772714 0.000000 99.765873 
6400.000000 0.796455 0.037845 3.776336 0.000000 99.783906 
6500.000000 0.796799 0.037978 3.790826 0.000000 99.817385 
6600.000000 0.796944 0.038002 3.793652 0.000000 99.826818 
6700.000000 0.797155 0.038085 3.802247 -0.000000 99.835821 
6800.000000 0.797326 0.038154 3.809715 -0.000000 99.851912 
6900.000000 0.797456 0.038190 3.814050 0.000000 99.869130 
7000.000000 0.797822 0.038272 3.822440 -0.000000 99.875714 
7100.000000 0.798003 0.038324 3.827624 0.000000 99.874366 
7200.000000 0.798317 0.038531 3.848717 0.000000 99.885694 
7300.000000 0.798683 0.038525 3.849608 0.000000 99.923973 
7400.000000 0.798714 0.038509 3.848535 0.000000 99.938649 
7500.000000 0.798802 0.038462 3.843996 0.000000 99.942267 
7600.000000 0.798923 0.038496 3.847390 0.000000 99.943684 
7700.000000 0.798897 0.038529 3.850807 0.000000 99.945714 
7800.000000 0.799100 0.038612 3.859704 0.000000 99.960897 
7900.000000 0.798971 0.038609 3.858329 0.000000 99.932532 
8000.000000 0.798873 0.038593 3.856174 0.000000 99.920000 
8100.000000 0.798815 0.038595 3.856232 0.000000 99.915556 
8200.000000 0.798659 0.038553 3.851670 -0.000000 99.904878 
8300.000000 0.798666 0.038590 3.855802 -0.000000 99.916747 
8400.000000 0.798734 0.038624 3.859653 -0.000000 99.929762 
8500.000000 0.798803 0.038617 3.859308 -0.000000 99.938824 
8600.000000 0.798615 0.038586 3.855661 -0.000000 99.923605 
8700.000000 0.798466 0.038545 3.850849 -0.000000 99.904138 
8800.000000 0.798259 0.038533 3.848857 -0.000000 99.883750 
8900.000000 0.798435 0.038557 3.851275 -0.000000 99.886404 
9000.000000 0.798609 0.038634 3.859499 0.000000 99.898111 
9100.000000 0.798725 0.038625 3.858930 0.000000 99.908132 
9200.000000 0.798777 0.038669 3.863606 0.000000 99.915978 
9300.000000 0.798876 0.038653 3.862560 0.000000 99.929140 
9400.000000 0.798912 0.038647 3.862138 -0.000000 99.933723 
9500.000000 0.798823 0.038612 3.858242 -0.000000 99.923474 
9600.000000 0.798572 0.038554 3.852507 -0.000000 99.925729 
9700.000000 0.798569 0.038524 3.849120 -0.000000 99.915155 
9800.000000 0.798538 0.038510 3.848243 0.000000 99.929286 
9900.000000 0.798607 0.038517 3.849437 0.000000 99.942323 
10000.000000 0.798577 0.038475 3.844832 0.000000 99.931200 
10100.000000 0.798597 0.038504 3.847281 0.000000 99.917822 
10200.000000 0.798623 0.038507 3.847965 0.000000 99.927843 
10300.000000 0.798421 0.038499 3.846603 0.000000 99.914369 
10400.000000 0.798589 0.038543 3.850957 0.000000 99.913269 
10500.000000 0.798721 0.038597 3.856904 0.000000 99.928000 
10600.000000 0.798646 0.038594 3.856355 0.000000 99.922170 
10700.000000 0.798757 0.038647 3.861867 0.000000 99.926075 
10800.000000 0.798678 0.038610 3.858274 0.000000 99.930648 
10900.000000 0.798613 0.038628 3.859938 -0.000000 99.925872 
11000.000000 0.798456 0.038596 3.856231 -0.000000 99.912364 
11100.000000 0.798410 0.038608 3.857128 -0.000000 99.905766 
11200.000000 0.798479 0.038646 3.860738 -0.000000 99.898929 
11300.000000 0.798411 0.038632 3.858828 -0.000000 99.886372 
11400.000000 0.798598 0.038680 3.864043 -0.000000 99.897632 
11500.000000 0.798611 0.038683 3.864447 -0.000000 99.901043 
11600.000000 0.798640 0.038743 3.870843 0.000000 99.909741 
11700.000000 0.798627 0.038739 3.870486 0.000000 99.912222 
11800.000000 0.798588 0.038729 3.869215 0.000000 99.904661 
11900.000000 0.798489 0.038689 3.865234 0.000000 99.905378 
12000.000000 0.798486 0.038667 3.862965 0.000000 99.902750 
12100.000000 0.798558 0.038672 3.863814 0.000000 99.912727 
12200.000000 0.798514 0.038641 3.860690 0.000000 99.911885 
12300.000000 0.798451 0.038626 3.859586 0.000000 99.921545 
12400.000000 0.798428 0.038580 3.854659 0.000000 99.912500 
12500.000000 0.798401 0.038566 3.853405 0.000000 99.916880 
12600.000000 0.798378 0.038551 3.851756 0.000000 99.913333 
12700.000000 0.798421 0.038575 3.854284 0.000000 99.915827 
12800.000000 0.798413 0.038608 3.857500 0.000000 99.914687 
12900.000000 0.798248 0.038588 3.854882 0.000000 99.899535 
13000.000000 0.798103 0.038546 3.850196 0.000000 99.886154 
13100.000000 0.798060 0.038568 3.851917 0.000000 99.874198 
13200.000000 0.797934 0.038528 3.848045 0.000000 99.875758 
13300.000000 0.798003 0.038515 3.846524 0.000000 99.871353 
13400.000000 0.798089 0.038517 3.847185 0.000000 99.883134 
13500.000000 0.798090 0.038528 3.848379 0.000000 99.885926 
13600.000000 0.798131 0.038557 3.851260 0.000000 99.884265 
13700.000000 0.798167 0.038570 3.852967 0.000000 99.894745 
13800.000000 0.798072 0.038551 3.850726 0.000000 99.885507 
13900.000000 0.798007 0.038538 3.849521 0.000000 99.889209 
14000.000000 0.798119 0.038554 3.851537 0.000000 99.901071 
14100.000000 0.798011 0.038554 3.851060 -0.000000 99.887234 
14200.000000 0.798057 0.038538 3.849960 -0.000000 99.900141 
14300.000000 0.798186 0.038611 3.857817 -0.000000 99.914476 
14400.000000 0.798192 0.038628 3.859300 -0.000000 99.910625 
14500.000000 0.798109 0.038595 3.856130 -0.000000 99.911862 
14600.000000 0.798138 0.038624 3.858818 -0.000000 99.908288 
14700.000000 0.798198 0.038643 3.860975 -0.000000 99.914558 
14800.000000 0.798108 0.038614 3.857941 -0.000000 99.910811 
14900.000000 0.798126 0.038656 3.862313 -0.000000 99.914295 
15000.000000 0.798159 0.038656 3.862203 -0.000000 99.913133 
15100.000000 0.798164 0.038654 3.862342 -0.000000 99.921788 
15200.000000 0.798097 0.038627 3.859633 -0.000000 99.921645 
15300.000000 0.798030 0.038605 3.857282 -0.000000 99.916144 
15400.000000 0.798030 0.038612 3.857835 -0.000000 99.913052 
15500.000000 0.798056 0.038629 3.859631 -0.000000 99.915548 
15600.000000 0.797986 0.038645 3.861019 -0.000000 99.910000 
15700.000000 0.798051 0.038640 3.860574 -0.000000 99.911210 
15800.000000 0.798022 0.038628 3.859466 -0.000000 99.914367 
15900.000000 0.798025 0.038614 3.858509 -0.000000 99.923836 
16000.000000 0.798001 0.038613 3.858275 -0.000000 99.922438 
16100.000000 0.798055 0.038612 3.858630 -0.000000 99.933478 
16200.000000 0.798126 0.038632 3.860762 -0.000000 99.936975 
16300.000000 0.798181 0.038623 3.859915 -0.000000 99.936994 
16400.000000 0.798144 0.038618 3.859544 -0.000000 99.941829 
16500.000000 0.798264 0.038655 3.863459 -0.000000 99.946727 
16600.000000 0.798220 0.038659 3.864025 -0.000000 99.950422 
16700.000000 0.798228 0.038713 3.869837 -0.000000 99.961497 
16800.000000 0.798257 0.038728 3.871369 -0.000000 99.961786 
16900.000000 0.798190 0.038711 3.869356 0.000000 99.954615 
17000.000000 0.798296 0.038721 3.870627 0.000000 99.963059 
17100.000000 0.798266 0.038736 3.871893 -0.000000 99.955205 
17200.000000 0.798256 0.038738 3.872070 0.000000 99.954535 
17300.000000 0.798186 0.038714 3.869545 0.000000 99.951561 
17400.000000 0.798388 0.038779 3.876269 0.000000 99.958103 
17500.000000 0.798392 0.038762 3.874493 0.000000 99.955200 
17600.000000 0.798370 0.038781 3.875943 0.000000 99.944545 
17700.000000 0.798380 0.038801 3.877901 0.000000 99.944294 
17800.000000 0.798361 0.038808 3.878461 -0.000000 99.938820 
17900.000000 0.798477 0.038817 3.879459 0.000000 99.942402 
18000.000000 0.798418 0.038812 3.879014 0.000000 99.943389 
18100.000000 0.798369 0.038800 3.877699 0.000000 99.940663 
18200.000000 0.798488 0.038854 3.883554 0.000000 99.951209 
18300.000000 0.798493 0.038853 3.883465 0.000000 99.953989 
18400.000000 0.798495 0.038859 3.884116 0.000000 99.952989 
18500.000000 0.798460 0.038834 3.881608 0.000000 99.954216 
18600.000000 0.798397 0.038811 3.879177 -0.000000 99.949570 
18700.000000 0.798308 0.038806 3.878094 -0.000000 99.935241 
18800.000000 0.798309 0.038794 3.877009 0.000000 99.939415 
18900.000000 0.798193 0.038759 3.873454 0.000000 99.935767 
19000.000000 0.798220 0.038796 3.877052 0.000000 99.933474 
19100.000000 0.798222 0.038788 3.876171 -0.000000 99.932147 
19200.000000 0.798232 0.038792 3.876593 -0.000000 99.931719 
19300.000000 0.798275 0.038783 3.875805 0.000000 99.935907 
19400.000000 0.798252 0.038796 3.877001 0.000000 99.932216 
19500.000000 0.798337 0.038801 3.877715 0.000000 99.938205 
19600.000000 0.798419 0.038805 3.878300 0.000000 99.943112 
19700.000000 0.798406 0.038782 3.876110 0.000000 99.945279 
19800.000000 0.798455 0.038797 3.877631 0.000000 99.946515 
19900.000000 0.798413 0.038785 3.876202 0.000000 99.940352 
20000.000000 0.798503 0.038805 3.878415 0.000000 99.946000 
20100.000000 0.798408 0.038788 3.876521 0.000000 99.942090 
20200.000000 0.798437 0.038775 3.875378 0.000000 99.944455 
20300.000000 0.798409 0.038766 3.874492 0.000000 99.946059 
20400.000000 0.798409 0.038760 3.873871 0.000000 99.944559 
20500.000000 0.798499 0.038763 3.874551 0.000000 99.954098 
20600.000000 0.798597 0.038769 3.875450 0.000000 99.963058 
20700.000000 0.798527 0.038754 3.873923 0.000000 99.961643 
20800.000000 0.798496 0.038739 3.872308 0.000000 99.958990 
20900.000000 0.798542 0.038744 3.872941 0.000000 99.962344 
21000.000000 0.798564 0.038742 3.872925 0.000000 99.966190 
21100.000000 0.798667 0.038786 3.877617 0.000000 99.973555 
21200.000000 0.798643 0.038778 3.876634 0.000000 99.969198 
21300.000000 0.798701 0.038782 3.877154 0.000000 99.974038 
21400.000000 0.798679 0.038777 3.876636 0.000000 99.973364 
21500.000000 0.798690 0.038763 3.875214 0.000000 99.970837 
21600.000000 0.798780 0.038777 3.876469 0.000000 99.968843 
21700.000000 0.798804 0.038781 3.877166 0.000000 99.974700 
21800.000000 0.798727 0.038764 3.875474 0.000000 99.975734 
21900.000000 0.798737 0.038765 3.875352 0.000000 99.971598 
22000.000000 0.798803 0.038781 3.877187 0.000000 99.976364 
22100.000000 0.798783 0.038767 3.875698 0.000000 99.974389 
22200.000000 0.798767 0.038762 3.875110 0.000000 99.972072 
22300.000000 0.798705 0.038750 3.873843 0.000000 99.968924 
22400.000000 0.798694 0.038748 3.873509 0.000000 99.966875 
22500.000000 0.798683 0.038751 3.873663 0.000000 99.963422 
22600.000000 0.798710 0.038744 3.872907 0.000000 99.960177 
22700.000000 0.798671 0.038726 3.870996 0.000000 99.958722 
22800.000000 0.798676 0.038731 3.871474 0.000000 99.957719 
22900.000000 0.798614 0.038714 3.869670 0.000000 99.954891 
23000.000000 0.798633 0.038728 3.870944 0.000000 99.952304 
23100.000000 0.798665 0.038734 3.871618 0.000000 99.954805 
23200.000000 0.798725 0.038734 3.871866 0.000000 99.960345 
23300.000000 0.798809 0.038744 3.873280 0.000000 99.971588 
23400.000000 0.798730 0.038727 3.871234 0.000000 99.962179 
23500.000000 0.798746 0.038733 3.871979 0.000000 99.964894 
23600.000000 0.798802 0.038752 3.873833 0.000000 99.965042 
23700.000000 0.798832 0.038753 3.873946 0.000000 99.965274 
23800.000000 0.798818 0.038744 3.872891 0.000000 99.961303 
23900.000000 0.798753 0.038739 3.871990 0.000000 99.950251 
24000.000000 0.798676 0.038726 3.870214 0.000000 99.937167 
24100.000000 0.798676 0.038736 3.871231 0.000000 99.938257 
24200.000000 0.798741 0.038749 3.872428 0.000000 99.935868 
24300.000000 0.798751 0.038744 3.872143 0.000000 99.942387 
24400.000000 0.798800 0.038777 3.875620 0.000000 99.947295 
24500.000000 0.798787 0.038778 3.875804 0.000000 99.949265 
24600.000000 0.798835 0.038781 3.876259 0.000000 99.953252 
24700.000000 0.798866 0.038793 3.877498 0.000000 99.954494 
24800.000000 0.798815 0.038780 3.876159 0.000000 99.953427 
24900.000000 0.798756 0.038774 3.875695 0.000000 99.955622 
25000.000000 0.798749 0.038774 3.875531 0.000000 99.952840 
25100.000000 0.798737 0.038774 3.875513 0.000000 99.952032 
25200.000000 0.798760 0.038772 3.875543 0.000000 99.957460 
25300.000000 0.798777 0.038777 3.876333 0.000000 99.964901 
25400.000000 0.798817 0.038781 3.876856 0.000000 99.966811 
25500.000000 0.798869 0.038787 3.877871 0.000000 99.978471 
25600.000000 0.798892 0.038783 3.877436 0.000000 99.978750 
25700.000000 0.798906 0.038790 3.878106 0.000000 99.977393 
25800.000000 0.798862 0.038787 3.877780 0.000000 99.977248 
25900.000000 0.798804 0.038769 3.875912 0.000000 99.975251 
26000.000000 0.798792 0.038766 3.875630 0.000000 99.974115 
26100.000000 0.798786 0.038760 3.875070 0.000000 99.974943 
26200.000000 0.798742 0.038749 3.873833 0.000000 99.972939 
26300.000000 0.798737 0.038746 3.873495 0.000000 99.971217 
26400.000000 0.798762 0.038754 3.874209 0.000000 99.969318 
26500.000000 0.798780 0.038755 3.874271 0.000000 99.967509 
26600.000000 0.798832 0.038776 3.876608 0.000000 99.973383 
26700.000000 0.798855 0.038772 3.876200 0.000000 99.974532 
26800.000000 0.798888 0.038786 3.877572 0.000000 99.973881 
26900.000000 0.798877 0.038782 3.877355 0.000000 99.977361 
27000.000000 0.798931 0.038799 3.879021 0.000000 99.976704 
27100.000000 0.798904 0.038792 3.878109 0.000000 99.970701 
27200.000000 0.798865 0.038787 3.877648 0.000000 99.972978 
27300.000000 0.798815 0.038782 3.876985 0.000000 99.967656 
27400.000000 0.798844 0.038793 3.878248 0.000000 99.972810 
27500.000000 0.798829 0.038779 3.876844 0.000000 99.971855 
27600.000000 0.798812 0.038773 3.876151 0.000000 99.971413 
27700.000000 0.798779 0.038759 3.874798 0.000000 99.970325 
27800.000000 0.798835 0.038779 3.876730 0.000000 99.969820 
27900.000000 0.798870 0.038791 3.877925 0.000000 99.969319 
28000.000000 0.798814 0.038777 3.876339 0.000000 99.964107 
28100.000000 0.798858 0.038780 3.876677 0.000000 99.966762 
28200.000000 0.798896 0.038792 3.877995 0.000000 99.970071 
28300.000000 0.798854 0.038777 3.876487 0.000000 99.968905 
28400.000000 0.798829 0.038773 3.876006 0.000000 99.966796 
28500.000000 0.798882 0.038779 3.876569 0.000000 99.965298 
28600.000000 0.798980 0.038794 3.878270 0.000000 99.969720 
28700.000000 0.798951 0.038776 3.876404 0.000000 99.968258 
28800.000000 0.799049 0.038792 3.878372 0.000000 99.979479 
28900.000000 0.798983 0.038772 3.876137 0.000000 99.973114 
29000.000000 0.799021 0.038782 3.877218 0.000000 99.975759 
29100.000000 0.799036 0.038789 3.878004 0.000000 99.977320 
29200.000000 0.799007 0.038794 3.878430 0.000000 99.974521 
29300.000000 0.798926 0.038768 3.875495 0.000000 99.965392 
29400.000000 0.798926 0.038768 3.875324 0.000000 99.963197 
29500.000000 0.798931 0.038773 3.875832 0.000000 99.962339 
29600.000000 0.798967 0.038782 3.877030 0.000000 99.969358 
29700.000000 0.798949 0.038778 3.876483 0.000000 99.966263 
29800.000000 0.798965 0.038795 3.878324 -0.000000 99.969060 
29900.000000 0.798952 0.038779 3.876891 -0.000000 99.974281 
30000.000000 0.798955 0.038781 3.877095 -0.000000 99.973600 
30100.000000 0.798947 0.038782 3.877210 -0.000000 99.973322 
30200.000000 0.798935 0.038779 3.876824 -0.000000 99.972285 
30300.000000 0.798904 0.038763 3.875255 -0.000000 99.971782 
30400.000000 0.798870 0.038748 3.873569 -0.000000 99.967204 
30500.000000 0.798886 0.038741 3.872827 0.000000 99.967213 
30600.000000 0.798924 0.038766 3.875566 0.000000 99.972092 
30700.000000 0.798915 0.038767 3.875695 0.000000 99.973779 
30800.000000 0.798931 0.038764 3.875419 0.000000 99.974870 
30900.000000 0.798951 0.038770 3.876129 0.000000 99.976667 
31000.000000 0.798907 0.038753 3.874445 0.000000 99.977935 
31100.000000 0.798906 0.038752 3.874380 -0.000000 99.978232 
31200.000000 0.798904 0.038761 3.875344 -0.000000 99.979904 
31300.000000 0.798854 0.038751 3.874092 -0.000000 99.973291 
31400.000000 0.798802 0.038754 3.874350 -0.000000 99.972803 
31500.000000 0.798790 0.038747 3.873576 -0.000000 99.971460 
31600.000000 0.798793 0.038745 3.873385 -0.000000 99.972152 
31700.000000 0.798805 0.038747 3.873586 -0.000000 99.971767 
31800.000000 0.798847 0.038755 3.874349 -0.000000 99.971258 
31900.000000 0.798869 0.038771 3.876027 -0.000000 99.973511 
32000.000000 0.798851 0.038759 3.874790 -0.000000 99.971750 
32100.000000 0.798882 0.038770 3.875940 -0.000000 99.972897 
32200.000000 0.798845 0.038772 3.875859 -0.000000 99.966491 
32300.000000 0.798882 0.038774 3.876226 -0.000000 99.970898 
32400.000000 0.798899 0.038771 3.875940 -0.000000 99.971142 
32500.000000 0.798947 0.038779 3.876915 -0.000000 99.974554 
32600.000000 0.798911 0.038775 3.876549 -0.000000 99.976258 
32700.000000 0.798871 0.038765 3.875601 -0.000000 99.977064 
32800.000000 0.798901 0.038764 3.875728 -0.000000 99.983445 
32900.000000 0.798949 0.038775 3.876960 -0.000000 99.986991 
33000.000000 0.798977 0.038771 3.876608 -0.000000 99.987030 
33100.000000 0.799001 0.038768 3.876336 -0.000000 99.986828 
33200.000000 0.798995 0.038779 3.877424 -0.000000 99.988886 
33300.000000 0.799036 0.038782 3.877794 -0.000000 99.990210 
33400.000000 0.799067 0.038778 3.877602 -0.000000 99.994820 
33500.000000 0.799043 0.038772 3.876983 -0.000000 99.993910 
33600.000000 0.799025 0.038765 3.876150 -0.000000 99.991607 
33700.000000 0.799027 0.038763 3.875835 -0.000000 99.989139 
33800.000000 0.799100 0.038771 3.876890 -0.000000 99.994970 
33900.000000 0.799118 0.038764 3.876246 -0.000000 99.995575 
34000.000000 0.799142 0.038765 3.876474 -0.000000 99.998500 
34100.000000 0.799160 0.038764 3.876308 -0.000000 99.997067 
34200.000000 0.799166 0.038768 3.876793 -0.000000 100.000526 
34300.000000 0.799145 0.038752 3.875234 -0.000000 100.000146 
34400.000000 0.799060 0.038735 3.873295 -0.000000 99.994157 
34500.000000 0.799067 0.038736 3.873440 -0.000000 99.995913 
34600.000000 0.799110 0.038741 3.874051 -0.000000 99.999769 
34700.000000 0.799114 0.038743 3.874246 -0.000000 99.997522 
34800.000000 0.799097 0.038732 3.872946 -0.000000 99.994109 
34900.000000 0.799108 0.038746 3.874348 -0.000000 99.993582 
35000.000000 0.799111 0.038748 3.874475 -0.000000 99.991629 
35100.000000 0.799185 0.038764 3.876166 -0.000000 99.993732 
35200.000000 0.799165 0.038771 3.876828 -0.000000 99.992074 
35300.000000 0.799108 0.038758 3.875497 -0.000000 99.990907 
35400.000000 0.799080 0.038750 3.874450 -0.000000 99.987006 
35500.000000 0.799059 0.038755 3.874919 -0.000000 99.986113 
35600.000000 0.799034 0.038749 3.874392 -0.000000 99.986236 
35700.000000 0.799032 0.038748 3.874249 -0.000000 99.985938 
35800.000000 0.799019 0.038748 3.874155 -0.000000 99.983101 
35900.000000 0.799035 0.038745 3.873901 -0.000000 99.985432 
36000.000000 0.799072 0.038753 3.874772 -0.000000 99.987111 
36100.000000 0.799087 0.038747 3.874332 -0.000000 99.989280 
36200.000000 0.799091 0.038745 3.874078 -0.000000 99.989751 
36300.000000 0.799115 0.038756 3.875253 -0.000000 99.991350 
36400.000000 0.799102 0.038753 3.875025 -0.000000 99.992170 
36500.000000 0.799117 0.038763 3.875906 -0.000000 99.989753 
36600.000000 0.799156 0.038779 3.877652 -0.000000 99.994699 
36700.000000 0.799143 0.038785 3.878365 -0.000000 99.996294 
36800.000000 0.799162 0.038802 3.880092 -0.000000 99.997554 
36900.000000 0.799197 0.038811 3.880997 -0.000000 99.996694 
37000.000000 0.799250 0.038823 3.882309 -0.000000 100.000459 
37100.000000 0.799224 0.038821 3.882152 -0.000000 100.000296 
37200.000000 0.799212 0.038820 3.881994 -0.000000 99.998575 
37300.000000 0.799174 0.038821 3.881862 -0.000000 99.994933 
37400.000000 0.799175 0.038816 3.881411 -0.000000 99.995321 
37500.000000 0.799191 0.038830 3.882660 -0.000000 99.991840 
37600.000000 0.799164 0.038826 3.882255 -0.000000 99.990532 
37700.000000 0.799163 0.038822 3.881796 -0.000000 99.990027 
37800.000000 0.799212 0.038830 3.882596 -0.000000 99.990476 
37900.000000 0.799237 0.038834 3.883160 -0.000000 99.993562 
38000.000000 0.799281 0.038835 3.883459 -0.000000 99.998368 
38100.000000 0.799296 0.038840 3.883978 -0.000000 99.999816 
38200.000000 0.799313 0.038845 3.884472 -0.000000 100.000550 
38300.000000 0.799349 0.038869 3.887053 -0.000000 100.003864 
38400.000000 0.799343 0.038871 3.887163 -0.000000 100.001510 
38500.000000 0.799308 0.038860 3.885944 -0.000000 99.999455 
38600.000000 0.799314 0.038865 3.886617 -0.000000 100.002824 
38700.000000 0.799327 0.038869 3.887023 -0.000000 100.003075 
38800.000000 0.799315 0.038875 3.887579 -0.000000 100.001856 
38900.000000 0.799307 0.038868 3.886785 -0.000000 99.999434 
39000.000000 0.799294 0.038869 3.886942 -0.000000 100.001872 
39100.000000 0.799362 0.038891 3.889398 -0.000000 100.006496 
39200.000000 0.799346 0.038890 3.889087 -0.000000 100.001913 
39300.000000 0.799352 0.038893 3.889348 -0.000000 100.001628 
39400.000000 0.799359 0.038895 3.889514 -0.000000 100.000787 
39500.000000 0.799344 0.038908 3.890830 -0.000000 100.000506 
39600.000000 0.799311 0.038897 3.889642 -0.000000 99.997803 
39700.000000 0.799308 0.038897 3.889642 -0.000000 99.997884 
39800.000000 0.799349 0.038933 3.893194 -0.000000 99.996432 
39900.000000 0.799325 0.038926 3.892483 -0.000000 99.997644 
40000.000000 0.799381 0.038939 3.893763 -0.000000 99.997025 
40100.000000 0.799425 0.038954 3.895277 -0.000000 99.996534 
40200.000000 0.799453 0.038967 3.896698 -0.000000 99.999428 
40300.000000 0.799447 0.038968 3.896701 -0.000000 99.996998 
40400.000000 0.799403 0.038959 3.895661 -0.000000 99.993218 
40500.000000 0.799342 0.038960 3.895502 -0.000000 99.988148 
40600.000000 0.799316 0.038956 3.895093 -0.000000 99.988054 
40700.000000 0.799291 0.038952 3.894689 -0.000000 99.985823 
40800.000000 0.799252 0.038946 3.893882 -0.000000 99.982647 
40900.000000 0.799223 0.038941 3.893312 -0.000000 99.980171 
41000.000000 0.799243 0.038934 3.892692 -0.000000 99.982463 
41100.000000 0.799245 0.038933 3.892647 -0.000000 99.983455 
41200.000000 0.799229 0.038926 3.891884 -0.000000 99.981748 
41300.000000 0.799239 0.038933 3.892534 -0.000000 99.980339 
41400.000000 0.799247 0.038935 3.892791 -0.000000 99.981908 
41500.000000 0.799303 0.038941 3.893450 -0.000000 99.982627 
41600.000000 0.799291 0.038937 3.893003 -0.000000 99.982740 
41700.000000 0.799266 0.038929 3.892149 -0.000000 99.981079 
41800.000000 0.799255 0.038930 3.892202 -0.000000 99.979426 
41900.000000 0.799283 0.038933 3.892615 -0.000000 99.981384 
42000.000000 0.799332 0.038945 3.893853 -0.000000 99.982619 
42100.000000 0.799362 0.038959 3.895118 -0.000000 99.979810 
42200.000000 0.799368 0.038961 3.895192 -0.000000 99.977204 
42300.000000 0.799371 0.038956 3.894828 -0.000000 99.979456 
42400.000000 0.799376 0.038945 3.893695 -0.000000 99.978325 
42500.000000 0.799367 0.038952 3.894322 -0.000000 99.978282 
42600.000000 0.799349 0.038956 3.894740 -0.000000 99.976854 
42700.000000 0.799350 0.038956 3.894792 -0.000000 99.978220 
42800.000000 0.799396 0.038957 3.894945 -0.000000 99.981612 
42900.000000 0.799390 0.038960 3.895197 -0.000000 99.980443 
43000.000000 0.799426 0.038965 3.895830 -0.000000 99.983047 
43100.000000 0.799448 0.038979 3.897444 -0.000000 99.987053 
43200.000000 0.799461 0.038980 3.897328 -0.000000 99.983727 
43300.000000 0.799475 0.038979 3.897351 -0.000000 99.986536 
43400.000000 0.799487 0.038997 3.899170 -0.000000 99.987097 
43500.000000 0.799504 0.038997 3.899306 -0.000000 99.989080 
43600.000000 0.799496 0.038997 3.899394 -0.000000 99.990872 
43700.000000 0.799522 0.039000 3.899610 -0.000000 99.990458 
43800.000000 0.799569 0.039010 3.900673 -0.000000 99.992489 
43900.000000 0.799613 0.039019 3.901680 -0.000000 99.993690 
44000.000000 0.799623 0.039019 3.901641 -0.000000 99.993568 
44100.000000 0.799581 0.039011 3.900777 -0.000000 99.991451 
44200.000000 0.799581 0.039018 3.901475 -0.000000 99.992670 
44300.000000 0.799594 0.039017 3.901343 -0.000000 99.991693 
44400.000000 0.799593 0.039019 3.901641 -0.000000 99.992995 
44500.000000 0.799597 0.039025 3.902317 -0.000000 99.994921 
44600.000000 0.799599 0.039019 3.901599 -0.000000 99.991861 
44700.000000 0.799576 0.039008 3.900524 -0.000000 99.991834 
44800.000000 0.799585 0.039009 3.900616 -0.000000 99.992433 
44900.000000 0.799562 0.039003 3.899936 -0.000000 99.991626 
45000.000000 0.799556 0.038997 3.899353 -0.000000 99.991333 
45100.000000 0.799537 0.038993 3.898886 -0.000000 99.989290 
45200.000000 0.799559 0.038990 3.898742 -0.000000 99.992721 
45300.000000 0.799576 0.038994 3.898939 -0.000000 99.988587 
45400.000000 0.799599 0.039004 3.900080 -0.000000 99.990727 
45500.000000 0.799607 0.039004 3.899989 -0.000000 99.989802 
45600.000000 0.799609 0.039009 3.900487 -0.000000 99.989671 
45700.000000 0.799624 0.039009 3.900530 -0.000000 99.991335 
45800.000000 0.799601 0.039007 3.900297 -0.000000 99.989738 
45900.000000 0.799576 0.038995 3.899098 -0.000000 99.988976 
46000.000000 0.799598 0.038996 3.899111 -0.000000 99.988326 
46100.000000 0.799574 0.038991 3.898535 -0.000000 99.986464 
46200.000000 0.799579 0.038991 3.898631 -0.000000 99.987100 
46300.000000 0.799551 0.038994 3.898851 -0.000000 99.985594 
46400.000000 0.799536 0.038998 3.899267 -0.000000 99.985647 
46500.000000 0.799564 0.039010 3.900437 -0.000000 99.986387 
46600.000000 0.799592 0.039022 3.901747 -0.000000 99.988991 
46700.000000 0.799581 0.039016 3.901244 -0.000000 99.989764 
46800.000000 0.799568 0.039009 3.900495 -0.000000 99.989252 
46900.000000 0.799533 0.038998 3.899363 -0.000000 99.987825 
47000.000000 0.799529 0.039000 3.899333 -0.000000 99.983681 
47100.000000 0.799507 0.038995 3.898817 -0.000000 99.982760 
47200.000000 0.799505 0.038985 3.897925 -0.000000 99.984703 
47300.000000 0.799483 0.038989 3.898167 -0.000000 99.981882 
47400.000000 0.799471 0.038986 3.897801 -0.000000 99.980549 
47500.000000 0.799460 0.038984 3.897582 -0.000000 99.978442 
47600.000000 0.799454 0.038979 3.897013 -0.000000 99.976954 
47700.000000 0.799468 0.038985 3.897536 -0.000000 99.976457 
47800.000000 0.799429 0.038975 3.896338 -0.000000 99.971046 
47900.000000 0.799435 0.038980 3.896955 -0.000000 99.972067 
48000.000000 0.799446 0.038981 3.897073 -0.000000 99.973396 
48100.000000 0.799484 0.039001 3.899221 -0.000000 99.977526 
48200.000000 0.799469 0.038998 3.898775 -0.000000 99.974813 
48300.000000 0.799469 0.038994 3.898454 -0.000000 99.974617 
48400.000000 0.799499 0.039003 3.899394 -0.000000 99.977934 
48500.000000 0.799491 0.038996 3.898746 -0.000000 99.976866 
48600.000000 0.799492 0.038999 3.898880 -0.000000 99.974774 
48700.000000 0.799493 0.039001 3.899052 -0.000000 99.974189 
48800.000000 0.799497 0.039003 3.899221 -0.000000 99.973320 
48900.000000 0.799484 0.038997 3.898637 -0.000000 99.972331 
49000.000000 0.799478 0.038994 3.898333 -0.000000 99.971898 
49100.000000 0.799469 0.038986 3.897448 -0.000000 99.970937 
49200.000000 0.799483 0.038989 3.897826 -0.000000 99.972154 
49300.000000 0.799481 0.038988 3.897675 -0.000000 99.971034 
49400.000000 0.799482 0.038984 3.897283 -0.000000 99.971822 
49500.000000 0.799529 0.038993 3.898410 -0.000000 99.976283 
49600.000000 0.799568 0.038997 3.898947 -0.000000 99.979597 
49700.000000 0.799546 0.038987 3.897865 -0.000000 99.979256 
49800.000000 0.799519 0.038984 3.897466 -0.000000 99.977209 
49900.000000 0.799502 0.038978 3.896759 -0.000000 99.973186 
50000.000000 0.799482 0.038973 3.896162 -0.000000 99.970020 
50100.000000 0.799504 0.038973 3.896224 -0.000000 99.972595 
50200.000000 0.799507 0.038974 3.896279 -0.000000 99.970179 
50300.000000 0.799522 0.038977 3.896587 -0.000000 99.972247 
50400.000000 0.799580 0.039012 3.900376 -0.000000 99.978909 
50500.000000 0.799571 0.039008 3.899880 -0.000000 99.976950 
50600.000000 0.799569 0.039006 3.899619 -0.000000 99.974170 
50700.000000 0.799533 0.039002 3.899131 -0.000000 99.972308 
50800.000000 0.799526 0.038995 3.898522 -0.000000 99.974587 
50900.000000 0.799517 0.038988 3.897888 -0.000000 99.975481 
51000.000000 0.799513 0.038983 3.897328 -0.000000 99.974059 
51100.000000 0.799515 0.038982 3.897235 -0.000000 99.975264 
51200.000000 0.799529 0.038987 3.897671 -0.000000 99.974473 
51300.000000 0.799531 0.038999 3.898937 -0.000000 99.975497 
51400.000000 0.799523 0.038996 3.898665 -0.000000 99.975000 
51500.000000 0.799510 0.038994 3.898365 -0.000000 99.974563 
51600.000000 0.799550 0.039020 3.901173 -0.000000 99.978043 
51700.000000 0.799563 0.039020 3.901078 -0.000000 99.976557 
51800.000000 0.799575 0.039022 3.901288 -0.000000 99.977896 
51900.000000 0.799576 0.039016 3.900757 -0.000000 99.977900 
52000.000000 0.799559 0.039014 3.900658 -0.000000 99.980269 
52100.000000 0.799571 0.039014 3.900635 -0.000000 99.980537 
52200.000000 0.799571 0.039015 3.900752 -0.000000 99.980421 
52300.000000 0.799562 0.039012 3.900283 -0.000000 99.977706 
52400.000000 0.799555 0.039012 3.900250 -0.000000 99.975000 
52500.000000 0.799563 0.039012 3.900149 -0.000000 99.973657 
52600.000000 0.799572 0.039011 3.900038 -0.000000 99.973973 
52700.000000 0.799575 0.039017 3.900626 -0.000000 99.973719 
52800.000000 0.799561 0.039027 3.901512 -0.000000 99.970038 
52900.000000 0.799551 0.039026 3.901412 -0.000000 99.968828 
53000.000000 0.799570 0.039029 3.901842 -0.000000 99.972698 
53100.000000 0.799554 0.039027 3.901589 -0.000000 99.972731 
53200.000000 0.799582 0.039022 3.901216 -0.000000 99.975639 
53300.000000 0.799551 0.039011 3.900102 -0.000000 99.975216 
53400.000000 0.799535 0.038999 3.898843 -0.000000 99.973296 
53500.000000 0.799531 0.039002 3.899131 -0.000000 99.972505 
53600.000000 0.799539 0.039002 3.899146 -0.000000 99.972201 
53700.000000 0.799544 0.039008 3.899697 -0.000000 99.971713 
53800.000000 0.799523 0.039002 3.899015 -0.000000 99.968643 
53900.000000 0.799535 0.038999 3.898692 -0.000000 99.969109 
54000.000000 0.799547 0.039004 3.899264 -0.000000 99.970722 
54100.000000 0.799563 0.039004 3.899330 -0.000000 99.971553 
54200.000000 0.799566 0.039001 3.899055 -0.000000 99.972565 
54300.000000 0.799540 0.038991 3.898016 -0.000000 99.972173 
54400.000000 0.799539 0.038994 3.898213 -0.000000 99.970809 
54500.000000 0.799493 0.038987 3.897476 -0.000000 99.967963 
54600.000000 0.799492 0.038992 3.897902 -0.000000 99.967308 
54700.000000 0.799483 0.038989 3.897594 -0.000000 99.966216 
54800.000000 0.799496 0.038997 3.898348 -0.000000 99.965858 
54900.000000 0.799476 0.038991 3.897767 -0.000000 99.965574 
55000.000000 0.799525 0.039007 3.899457 -0.000000 99.968745 
55100.000000 0.799550 0.039007 3.899589 -0.000000 99.970563 
55200.000000 0.799527 0.039003 3.899073 -0.000000 99.968460 
55300.000000 0.799561 0.039013 3.900156 -0.000000 99.969458 
55400.000000 0.799528 0.039009 3.899557 -0.000000 99.966643 
55500.000000 0.799555 0.039012 3.899886 -0.000000 99.967279 
55600.000000 0.799583 0.039024 3.901286 -0.000000 99.970755 
55700.000000 0.799617 0.039041 3.903125 -0.000000 99.974614 
55800.000000 0.799628 0.039045 3.903567 -0.000000 99.975233 
55900.000000 0.799609 0.039038 3.902778 -0.000000 99.973649 
56000.000000 0.799632 0.039039 3.902957 -0.000000 99.975018 
56100.000000 0.799593 0.039032 3.902101 -0.000000 99.971693 
56200.000000 0.799543 0.039020 3.900797 -0.000000 99.969128 
56300.000000 0.799543 0.039021 3.900907 -0.000000 99.969361 
56400.000000 0.799539 0.039021 3.900853 -0.000000 99.968422 
56500.000000 0.799575 0.039034 3.902204 -0.000000 99.970283 
56600.000000 0.799604 0.039034 3.902268 -0.000000 99.969965 
56700.000000 0.799595 0.039027 3.901573 -0.000000 99.970282 
56800.000000 0.799584 0.039025 3.901249 -0.000000 99.968327 
56900.000000 0.799587 0.039029 3.901643 -0.000000 99.969069 
57000.000000 0.799590 0.039034 3.902109 -0.000000 99.967737 
57100.000000 0.799595 0.039034 3.902285 -0.000000 99.970193 
57200.000000 0.799609 0.039039 3.902685 -0.000000 99.969336 
57300.000000 0.799613 0.039036 3.902511 -0.000000 99.972164 
57400.000000 0.799639 0.039037 3.902676 -0.000000 99.973397 
57500.000000 0.799662 0.039035 3.902488 -0.000000 99.973774 
57600.000000 0.799657 0.039029 3.901868 -0.000000 99.974028 
57700.000000 0.799666 0.039035 3.902537 -0.000000 99.974818 
57800.000000 0.799686 0.039035 3.902567 -0.000000 99.976972 
57900.000000 0.799716 0.039038 3.902970 -0.000000 99.979689 
58000.000000 0.799711 0.039036 3.902770 -0.000000 99.978121 
58100.000000 0.799720 0.039043 3.903438 -0.000000 99.978124 
58200.000000 0.799709 0.039039 3.903144 -0.000000 99.979777 
58300.000000 0.799736 0.039049 3.904136 -0.000000 99.980840 
58400.000000 0.799733 0.039046 3.903855 -0.000000 99.981473 
58500.000000 0.799745 0.039049 3.904080 -0.000000 99.980205 
58600.000000 0.799765 0.039052 3.904431 -0.000000 99.981587 
58700.000000 0.799772 0.039050 3.904250 -0.000000 99.981976 
58800.000000 0.799762 0.039055 3.904709 -0.000000 99.980799 
58900.000000 0.799743 0.039049 3.904079 -0.000000 99.979236 
59000.000000 0.799740 0.039045 3.903730 -0.000000 99.980780 
59100.000000 0.799751 0.039048 3.904131 -0.000000 99.982217 
59200.000000 0.799746 0.039046 3.903982 -0.000000 99.984595 
59300.000000 0.799751 0.039044 3.903787 -0.000000 99.983204 
59400.000000 0.799752 0.039042 3.903648 -0.000000 99.984916 
59500.000000 0.799778 0.039043 3.903787 -0.000000 99.986403 
59600.000000 0.799771 0.039045 3.903987 -0.000000 99.986057 
59700.000000 0.799738 0.039044 3.903746 -0.000000 99.983534 
59800.000000 0.799784 0.039065 3.905951 -0.000000 99.986288 
59900.000000 0.799770 0.039060 3.905425 -0.000000 99.984274 
60000.000000 0.799767 0.039060 3.905418 -0.000000 99.984117 
60100.000000 0.799752 0.039055 3.904820 -0.000000 99.981947 
60200.000000 0.799773 0.039055 3.904834 -0.000000 99.982857 
60300.000000 0.799767 0.039050 3.904294 -0.000000 99.982090 
60400.000000 0.799748 0.039051 3.904349 -0.000000 99.981209 
60500.000000 0.799759 0.039051 3.904339 -0.000000 99.981355 
60600.000000 0.799740 0.039048 3.904096 -0.000000 99.981716 
60700.000000 0.799751 0.039043 3.903711 -0.000000 99.984547 
60800.000000 0.799761 0.039050 3.904445 -0.000000 99.986628 
60900.000000 0.799783 0.039052 3.904684 -0.000000 99.986798 
61000.000000 0.799782 0.039052 3.904707 -0.000000 99.986180 
61100.000000 0.799770 0.039048 3.904316 -0.000000 99.987971 
61200.000000 0.799812 0.039061 3.905729 -0.000000 99.990294 
61300.000000 0.799818 0.039062 3.905881 -0.000000 99.991387 
61400.000000 0.799815 0.039065 3.906147 -0.000000 99.990505 
61500.000000 0.799820 0.039066 3.906232 -0.000000 99.990846 
61600.000000 0.799818 0.039067 3.906527 -0.000000 99.994416 
61700.000000 0.799800 0.039064 3.906152 -0.000000 99.993857 
61800.000000 0.799805 0.039064 3.906179 -0.000000 99.994369 
61900.000000 0.799809 0.039069 3.906633 -0.000000 99.993796 
62000.000000 0.799789 0.039063 3.906028 -0.000000 99.992742 
62100.000000 0.799798 0.039069 3.906570 -0.000000 99.992254 
62200.000000 0.799790 0.039073 3.907009 -0.000000 99.991929 
62300.000000 0.799806 0.039076 3.907212 -0.000000 99.991252 
62400.000000 0.799790 0.039072 3.906836 -0.000000 99.990897 
62500.000000 0.799784 0.039074 3.907018 -0.000000 99.990016 
62600.000000 0.799778 0.039069 3.906397 -0.000000 99.988211 
62700.000000 0.799797 0.039069 3.906422 -0.000000 99.987959 
62800.000000 0.799801 0.039067 3.906263 -0.000000 99.987914 
62900.000000 0.799784 0.039060 3.905544 -0.000000 99.987711 
63000.000000 0.799778 0.039060 3.905507 -0.000000 99.988032 
63100.000000 0.799767 0.039057 3.905215 -0.000000 99.987242 
63200.000000 0.799765 0.039054 3.904924 -0.000000 99.987627 
63300.000000 0.799783 0.039057 3.905276 -0.000000 99.988784 
63400.000000 0.799772 0.039051 3.904595 -0.000000 99.988202 
63500.000000 0.799746 0.039047 3.904196 -0.000000 99.986945 
63600.000000 0.799766 0.039053 3.904880 -0.000000 99.989890 
63700.000000 0.799779 0.039058 3.905509 -0.000000 99.991413 
63800.000000 0.799766 0.039057 3.905332 -0.000000 99.991113 
63900.000000 0.799760 0.039052 3.904852 -0.000000 99.990501 
64000.000000 0.799758 0.039052 3.904745 -0.000000 99.988344 
64100.000000 0.799756 0.039052 3.904793 -0.000000 99.989548 
64200.000000 0.799795 0.039057 3.905344 -0.000000 99.991636 
64300.000000 0.799794 0.039057 3.905411 -0.000000 99.991975 
64400.000000 0.799780 0.039053 3.904906 -0.000000 99.990093 
64500.000000 0.799776 0.039046 3.904199 -0.000000 99.990233 
64600.000000 0.799777 0.039043 3.904032 -0.000000 99.991935 
64700.000000 0.799772 0.039040 3.903649 -0.000000 99.991345 
64800.000000 0.799761 0.039040 3.903628 -0.000000 99.990802 
64900.000000 0.799777 0.039049 3.904516 -0.000000 99.990909 
65000.000000 0.799761 0.039045 3.904104 -0.000000 99.989631 
65100.000000 0.799771 0.039043 3.903920 -0.000000 99.991521 
65200.000000 0.799789 0.039043 3.904056 -0.000000 99.992592 
65300.000000 0.799816 0.039058 3.905661 -0.000000 99.995268 
65400.000000 0.799805 0.039054 3.905285 -0.000000 99.997431 
65500.000000 0.799830 0.039062 3.906185 -0.000000 99.999618 
65600.000000 0.799826 0.039059 3.905777 -0.000000 99.997790 
65700.000000 0.799847 0.039064 3.906499 -0.000000 100.001294 
65800.000000 0.799851 0.039061 3.906118 -0.000000 100.001413 
65900.000000 0.799862 0.039057 3.905707 -0.000000 100.000895 
66000.000000 0.799844 0.039057 3.905627 -0.000000 99.999045 
66100.000000 0.799834 0.039052 3.905083 -0.000000 99.998230 
66200.000000 0.799807 0.039048 3.904614 -0.000000 99.996057 
66300.000000 0.799822 0.039046 3.904497 -0.000000 99.998175 
66400.000000 0.799810 0.039047 3.904615 -0.000000 99.997515 
66500.000000 0.799793 0.039043 3.904162 -0.000000 99.995940 
66600.000000 0.799776 0.039042 3.903980 -0.000000 99.995165 
66700.000000 0.799765 0.039037 3.903466 -0.000000 99.993838 
66800.000000 0.799773 0.039041 3.903841 -0.000000 99.993638 
66900.000000 0.799765 0.039039 3.903655 -0.000000 99.992795 
67000.000000 0.799768 0.039038 3.903544 -0.000000 99.993731 
67100.000000 0.799756 0.039037 3.903353 -0.000000 99.991714 
67200.000000 0.799772 0.039040 3.903748 -0.000000 99.993571 
67300.000000 0.799762 0.039038 3.903535 -0.000000 99.994101 
67400.000000 0.799769 0.039039 3.903740 -0.000000 99.996231 
67500.000000 0.799752 0.039032 3.902947 -0.000000 99.994356 
67600.000000 0.799745 0.039032 3.902928 -0.000000 99.993920 
67700.000000 0.799761 0.039030 3.902710 -0.000000 99.993072 
67800.000000 0.799758 0.039029 3.902614 -0.000000 99.991888 
67900.000000 0.799732 0.039024 3.902082 -0.000000 99.991458 
68000.000000 0.799730 0.039020 3.901643 -0.000000 99.990044 
68100.000000 0.799721 0.039018 3.901337 -0.000000 99.987166 
68200.000000 0.799743 0.039023 3.901843 -0.000000 99.988284 
68300.000000 0.799760 0.039028 3.902320 -0.000000 99.988463 
68400.000000 0.799752 0.039021 3.901586 -0.000000 99.987690 
68500.000000 0.799735 0.039017 3.901153 -0.000000 99.985547 
68600.000000 0.799723 0.039015 3.900933 -0.000000 99.984767 
68700.000000 0.799751 0.039014 3.900917 -0.000000 99.987351 
68800.000000 0.799734 0.039011 3.900657 -0.000000 99.987791 
68900.000000 0.799731 0.039006 3.900145 -0.000000 99.988737 
69000.000000 0.799748 0.039003 3.899869 -0.000000 99.990058 
69100.000000 0.799752 0.039010 3.900643 -0.000000 99.990246 
69200.000000 0.799780 0.039012 3.900838 -0.000000 99.991676 
69300.000000 0.799793 0.039015 3.901205 -0.000000 99.992626 
69400.000000 0.799782 0.039017 3.901267 -0.000000 99.990101 
69500.000000 0.799773 0.039017 3.901392 -0.000000 99.990921 
69600.000000 0.799767 0.039018 3.901355 -0.000000 99.989856 
69700.000000 0.799743 0.039011 3.900665 -0.000000 99.988565 
69800.000000 0.799738 0.039007 3.900205 -0.000000 99.987278 
69900.000000 0.799743 0.039007 3.900225 -0.000000 99.987525 
70000.000000 0.799744 0.039003 3.899785 -0.000000 99.986971 
70100.000000 0.799745 0.039005 3.900026 -0.000000 99.988003 
70200.000000 0.799722 0.038997 3.899132 -0.000000 99.984986 
70300.000000 0.799724 0.038997 3.899142 -0.000000 99.986330 
70400.000000 0.799747 0.038998 3.899351 -0.000000 99.987543 
70500.000000 0.799756 0.038999 3.899467 -0.000000 99.988369 
70600.000000 0.799767 0.039003 3.899880 -0.000000 99.988938 
70700.000000 0.799751 0.038998 3.899327 -0.000000 99.988487 
70800.000000 0.799775 0.039001 3.899645 -0.000000 99.989068 
70900.000000 0.799779 0.039008 3.900381 -0.000000 99.988914 
71000.000000 0.799810 0.039017 3.901297 -0.000000 99.989521 
71100.000000 0.799799 0.039017 3.901242 -0.000000 99.987904 
71200.000000 0.799809 0.039020 3.901487 -0.000000 99.986756 
71300.000000 0.799812 0.039025 3.901900 -0.000000 99.985414 
71400.000000 0.799801 0.039027 3.902067 -0.000000 99.982661 
71500.000000 0.799823 0.039033 3.902626 -0.000000 99.983483 
71600.000000 0.799819 0.039030 3.902342 -0.000000 99.983925 
71700.000000 0.799828 0.039033 3.902749 -0.000000 99.984742 
71800.000000 0.799837 0.039042 3.903653 -0.000000 99.985627 
71900.000000 0.799826 0.039043 3.903644 -0.000000 99.982573 
72000.000000 0.799792 0.039040 3.903249 -0.000000 99.980014 
72100.000000 0.799801 0.039041 3.903437 -0.000000 99.982372 
72200.000000 0.799798 0.039040 3.903182 -0.000000 99.979681 
72300.000000 0.799777 0.039035 3.902638 -0.000000 99.979115 
72400.000000 0.799784 0.039035 3.902711 -0.000000 99.979544 
72500.000000 0.799804 0.039040 3.903336 -0.000000 99.981793 
72600.000000 0.799794 0.039033 3.902480 -0.000000 99.980041 
72700.000000 0.799788 0.039032 3.902414 -0.000000 99.979188 
72800.000000 0.799782 0.039027 3.901906 -0.000000 99.978805 
72900.000000 0.799771 0.039028 3.901916 -0.000000 99.977353 
73000.000000 0.799729 0.039023 3.901332 -0.000000 99.975836 
73100.000000 0.799738 0.039029 3.902081 -0.000000 99.977743 
73200.000000 0.799755 0.039033 3.902456 -0.000000 99.979481 
73300.000000 0.799777 0.039040 3.903278 -0.000000 99.980587 
73400.000000 0.799762 0.039034 3.902612 -0.000000 99.979728 
73500.000000 0.799787 0.039039 3.903167 -0.000000 99.980816 
73600.000000 0.799761 0.039034 3.902596 -0.000000 99.979470 
73700.000000 0.799761 0.039039 3.903035 0.000000 99.978725 
73800.000000 0.799767 0.039034 3.902554 0.000000 99.979201 
73900.000000 0.799761 0.039028 3.901903 0.000000 99.978024 
74000.000000 0.799740 0.039026 3.901623 0.000000 99.975527 
74100.000000 0.799733 0.039020 3.901013 0.000000 99.974507 
74200.000000 0.799722 0.039015 3.900507 0.000000 99.974663 
74300.000000 0.799736 0.039019 3.901001 0.000000 99.975976 
74400.000000 0.799721 0.039017 3.900728 0.000000 99.974005 
74500.000000 0.799734 0.039022 3.901255 0.000000 99.976000 
74600.000000 0.799750 0.039029 3.902056 0.000000 99.977708 
74700.000000 0.799759 0.039036 3.902806 0.000000 99.978862 
74800.000000 0.799752 0.039033 3.902557 0.000000 99.980174 
74900.000000 0.799792 0.039042 3.903505 0.000000 99.983164 
75000.000000 0.799814 0.039050 3.904398 0.000000 99.983813 
75100.000000 0.799828 0.039051 3.904440 0.000000 99.984115 
75200.000000 0.799843 0.039065 3.905939 0.000000 99.985864 
75300.000000 0.799834 0.039062 3.905603 0.000000 99.985817 
75400.000000 0.799822 0.039064 3.905806 0.000000 99.984562 
75500.000000 0.799820 0.039064 3.905876 0.000000 99.985417 
75600.000000 0.799834 0.039067 3.906139 0.000000 99.986177 
75700.000000 0.799841 0.039068 3.906391 -0.000000 99.988336 
75800.000000 0.799834 0.039062 3.905736 -0.000000 99.988206 
75900.000000 0.799832 0.039058 3.905351 -0.000000 99.987510 
76000.000000 0.799816 0.039058 3.905289 -0.000000 99.987158 
76100.000000 0.799789 0.039052 3.904644 -0.000000 99.986807 
76200.000000 0.799781 0.039048 3.904273 -0.000000 99.985761 
76300.000000 0.799757 0.039047 3.904096 -0.000000 99.983460 
76400.000000 0.799750 0.039044 3.903727 -0.000000 99.982762 
76500.000000 0.799740 0.039042 3.903496 -0.000000 99.981542 
76600.000000 0.799730 0.039039 3.903078 -0.000000 99.979543 
76700.000000 0.799709 0.039034 3.902559 -0.000000 99.977836 
76800.000000 0.799690 0.039031 3.902103 -0.000000 99.975456 
76900.000000 0.799696 0.039031 3.902202 0.000000 99.976294 
77000.000000 0.799686 0.039029 3.902031 0.000000 99.976584 
77100.000000 0.799690 0.039030 3.902082 -0.000000 99.975979 
77200.000000 0.799706 0.039032 3.902281 -0.000000 99.976166 
77300.000000 0.799702 0.039033 3.902365 -0.000000 99.975330 
77400.000000 0.799693 0.039029 3.901912 -0.000000 99.974083 
77500.000000 0.799690 0.039028 3.901837 -0.000000 99.974335 
77600.000000 0.799695 0.039024 3.901431 -0.000000 99.975966 
77700.000000 0.799702 0.039023 3.901380 -0.000000 99.975701 
77800.000000 0.799693 0.039021 3.901096 -0.000000 99.975424 
77900.000000 0.799703 0.039022 3.901235 -0.000000 99.975379 
78000.000000 0.799692 0.039019 3.900901 -0.000000 99.974346 
78100.000000 0.799687 0.039018 3.900679 -0.000000 99.972471 
78200.000000 0.799684 0.039019 3.900811 -0.000000 99.972097 
78300.000000 0.799690 0.039023 3.901192 -0.000000 99.972248 
78400.000000 0.799667 0.039021 3.900961 -0.000000 99.971263 
78500.000000 0.799684 0.039023 3.901234 -0.000000 99.971847 
78600.000000 0.799684 0.039024 3.901293 -0.000000 99.970814 
78700.000000 0.799670 0.039021 3.900899 -0.000000 99.969238 
78800.000000 0.799673 0.039021 3.900892 -0.000000 99.968236 
78900.000000 0.799667 0.039018 3.900574 -0.000000 99.967871 
79000.000000 0.799684 0.039026 3.901414 -0.000000 99.968418 
79100.000000 0.799707 0.039030 3.901813 -0.000000 99.969646 
79200.000000 0.799707 0.039030 3.901815 -0.000000 99.969798 
79300.000000 0.799731 0.039032 3.902105 -0.000000 99.972333 
79400.000000 0.799710 0.039029 3.901755 -0.000000 99.970479 
79500.000000 0.799729 0.039040 3.902959 -0.000000 99.974289 
79600.000000 0.799723 0.039040 3.903017 -0.000000 99.973920 
79700.000000 0.799739 0.039046 3.903661 0.000000 99.975859 
79800.000000 0.799721 0.039039 3.902953 0.000000 99.974975 
79900.000000 0.799736 0.039047 3.903750 0.000000 99.976471 
80000.000000 0.799717 0.039044 3.903366 -0.000000 99.973737 
80100.000000 0.799713 0.039042 3.903208 0.000000 99.974419 
80200.000000 0.799710 0.039040 3.903001 -0.000000 99.974776 
80300.000000 0.799712 0.039037 3.902743 -0.000000 99.975803 
80400.000000 0.799714 0.039039 3.903028 -0.000000 99.976841 
80500.000000 0.799705 0.039034 3.902512 -0.000000 99.977130 
80600.000000 0.799731 0.039040 3.903193 -0.000000 99.978077 
80700.000000 0.799712 0.039038 3.902906 -0.000000 99.977968 
80800.000000 0.799722 0.039035 3.902668 -0.000000 99.979604 
80900.000000 0.799719 0.039030 3.902167 -0.000000 99.978702 
81000.000000 0.799709 0.039029 3.901987 -0.000000 99.976741 
81100.000000 0.799738 0.039034 3.902576 -0.000000 99.978385 
81200.000000 0.799721 0.039026 3.901706 -0.000000 99.977869 
81300.000000 0.799716 0.039026 3.901807 -0.000000 99.979090 
81400.000000 0.799730 0.039029 3.902069 -0.000000 99.978440 
81500.000000 0.799712 0.039022 3.901298 -0.000000 99.977828 
81600.000000 0.799705 0.039020 3.901153 -0.000000 99.977328 
81700.000000 0.799707 0.039019 3.900954 -0.000000 99.976952 
81800.000000 0.799712 0.039019 3.900955 -0.000000 99.976443 
81900.000000 0.799718 0.039022 3.901365 -0.000000 99.977692 
82000.000000 0.799724 0.039021 3.901309 -0.000000 99.978805 
82100.000000 0.799705 0.039012 3.900357 -0.000000 99.978892 
82200.000000 0.799735 0.039013 3.900602 -0.000000 99.981168 
82300.000000 0.799729 0.039008 3.900102 -0.000000 99.981920 
82400.000000 0.799723 0.039007 3.900012 -0.000000 99.981845 
82500.000000 0.799734 0.039019 3.901182 -0.000000 99.982158 
82600.000000 0.799747 0.039021 3.901415 -0.000000 99.983148 
82700.000000 0.799732 0.039016 3.900912 -0.000000 99.982854 
82800.000000 0.799741 0.039014 3.900745 -0.000000 99.983442 
82900.000000 0.799747 0.039015 3.900879 -0.000000 99.984427 
83000.000000 0.799777 0.039023 3.901818 0.000000 99.987108 
83100.000000 0.799787 0.039025 3.902061 0.000000 99.988424 
83200.000000 0.799780 0.039024 3.901958 0.000000 99.988678 
83300.000000 0.799772 0.039025 3.902127 0.000000 99.989160 
83400.000000 0.799782 0.039023 3.901983 0.000000 99.990863 
83500.000000 0.799800 0.039023 3.902027 0.000000 99.992635 
83600.000000 0.799804 0.039025 3.902249 0.000000 99.993086 
83700.000000 0.799797 0.039026 3.902353 -0.000000 99.992999 
83800.000000 0.799796 0.039024 3.902091 -0.000000 99.991146 
83900.000000 0.799790 0.039025 3.902113 0.000000 99.991323 
84000.000000 0.799804 0.039026 3.902345 0.000000 99.992845 
84100.000000 0.799814 0.039024 3.902153 -0.000000 99.993032 
84200.000000 0.799820 0.039026 3.902368 -0.000000 99.993266 
84300.000000 0.799838 0.039030 3.902737 -0.000000 99.993488 
84400.000000 0.799825 0.039025 3.902225 -0.000000 99.992607 
84500.000000 0.799846 0.039031 3.902794 -0.000000 99.993089 
84600.000000 0.799845 0.039028 3.902582 -0.000000 99.993227 
84700.000000 0.799833 0.039025 3.902244 -0.000000 99.993188 
84800.000000 0.799825 0.039026 3.902317 -0.000000 99.992771 
84900.000000 0.799830 0.039024 3.902083 -0.000000 99.992002 
85000.000000 0.799850 0.039025 3.902258 -0.000000 99.993471 
85100.000000 0.799862 0.039031 3.902868 -0.000000 99.993149 
85200.000000 0.799855 0.039029 3.902661 -0.000000 99.994214 
85300.000000 0.799860 0.039031 3.902871 -0.000000 99.994900 
85400.000000 0.799847 0.039031 3.902971 -0.000000 99.995562 
85500.000000 0.799833 0.039025 3.902268 -0.000000 99.994409 
85600.000000 0.799823 0.039023 3.902038 -0.000000 99.992360 
85700.000000 0.799827 0.039025 3.902196 -0.000000 99.992672 
85800.000000 0.799834 0.039023 3.902102 -0.000000 99.994580 
85900.000000 0.799844 0.039021 3.901892 -0.000000 99.995681 
86000.000000 0.799846 0.039020 3.901862 -0.000000 99.995651 
86100.000000 0.799832 0.039019 3.901704 -0.000000 99.994611 
86200.000000 0.799838 0.039025 3.902247 -0.000000 99.994327 
86300.000000 0.799824 0.039020 3.901770 -0.000000 99.994392 
86400.000000 0.799804 0.039014 3.901176 -0.000000 99.993762 
86500.000000 0.799802 0.039013 3.901093 -0.000000 99.994636 
86600.000000 0.799775 0.039009 3.900559 -0.000000 99.992171 
86700.000000 0.799754 0.039005 3.900186 -0.000000 99.990681 
86800.000000 0.799781 0.039009 3.900526 -0.000000 99.991279 
86900.000000 0.799774 0.039014 3.901002 -0.000000 99.990345 
87000.000000 0.799785 0.039017 3.901386 -0.000000 99.991161 
87100.000000 0.799760 0.039012 3.900868 -0.000000 99.990631 
87200.000000 0.799779 0.039019 3.901567 -0.000000 99.992489 
87300.000000 0.799753 0.039014 3.901074 -0.000000 99.990596 
87400.000000 0.799747 0.039015 3.901106 -0.000000 99.989622 
87500.000000 0.799774 0.039020 3.901581 -0.000000 99.990137 
87600.000000 0.799765 0.039020 3.901519 -0.000000 99.988858 
87700.000000 0.799750 0.039023 3.901867 -0.000000 99.988894 
87800.000000 0.799779 0.039023 3.901956 -0.000000 99.989977 
87900.000000 0.799777 0.039019 3.901554 -0.000000 99.991092 
88000.000000 0.799768 0.039022 3.901831 -0.000000 99.989636 
88100.000000 0.799783 0.039020 3.901612 -0.000000 99.990443 
88200.000000 0.799769 0.039016 3.901195 -0.000000 99.989274 
88300.000000 0.799777 0.039014 3.901058 -0.000000 99.990204 
88400.000000 0.799786 0.039021 3.901698 -0.000000 99.990916 
88500.000000 0.799785 0.039019 3.901563 -0.000000 99.991345 
88600.000000 0.799776 0.039017 3.901321 -0.000000 99.991287 
88700.000000 0.799754 0.039012 3.900776 -0.000000 99.989301 
88800.000000 0.799753 0.039008 3.900456 -0.000000 99.990676 
88900.000000 0.799773 0.039013 3.900995 -0.000000 99.991305 
89000.000000 0.799765 0.039011 3.900746 -0.000000 99.990573 
89100.000000 0.799751 0.039009 3.900470 -0.000000 99.989315 
89200.000000 0.799764 0.039010 3.900589 -0.000000 99.990359 
89300.000000 0.799774 0.039013 3.900878 -0.000000 99.990146 
89400.000000 0.799742 0.039009 3.900373 -0.000000 99.987069 
89500.000000 0.799731 0.039006 3.900063 -0.000000 99.985832 
89600.000000 0.799724 0.039001 3.899528 -0.000000 99.984453 
89700.000000 0.799708 0.038997 3.899035 -0.000000 99.983188 
89800.000000 0.799692 0.038994 3.898649 -0.000000 99.981359 
89900.000000 0.799686 0.038996 3.898914 -0.000000 99.982603 
90000.000000 0.799654 0.038989 3.898116 -0.000000 99.980744 
90100.000000 0.799636 0.038985 3.897743 -0.000000 99.980932 
90200.000000 0.799635 0.038987 3.897989 -0.000000 99.982173 
90300.000000 0.799649 0.038987 3.897944 -0.000000 99.981838 
90400.000000 0.799641 0.038993 3.898582 -0.000000 99.981084 
90500.000000 0.799663 0.039003 3.899596 -0.000000 99.981867 
90600.000000 0.799654 0.039003 3.899587 -0.000000 99.981115 
90700.000000 0.799663 0.039004 3.899737 -0.000000 99.982315 
90800.000000 0.799671 0.039009 3.900319 -0.000000 99.984141 
90900.000000 0.799680 0.039009 3.900308 -0.000000 99.984180 
91000.000000 0.799671 0.039006 3.899986 -0.000000 99.984297 
91100.000000 0.799667 0.039007 3.900033 -0.000000 99.984105 
91200.000000 0.799682 0.039013 3.900732 -0.000000 99.986096 
91300.000000 0.799683 0.039017 3.901219 -0.000000 99.987426 
91400.000000 0.799703 0.039017 3.901311 -0.000000 99.989573 
91500.000000 0.799723 0.039020 3.901609 -0.000000 99.990852 
91600.000000 0.799729 0.039020 3.901659 -0.000000 99.991747 
91700.000000 0.799737 0.039018 3.901601 -0.000000 99.993675 
91800.000000 0.799731 0.039020 3.901817 -0.000000 99.994074 
91900.000000 0.799758 0.039025 3.902358 0.000000 99.995626 
92000.000000 0.799749 0.039024 3.902116 0.000000 99.993891 
92100.000000 0.799764 0.039022 3.901978 0.000000 99.995233 
92200.000000 0.799782 0.039027 3.902531 0.000000 99.995488 
92300.000000 0.799776 0.039023 3.902135 0.000000 99.994605 
92400.000000 0.799777 0.039023 3.902076 0.000000 99.993820 
92500.000000 0.799788 0.039020 3.901771 0.000000 99.993957 
92600.000000 0.799771 0.039015 3.901244 0.000000 99.992797 
92700.000000 0.799765 0.039014 3.901169 0.000000 99.993225 
92800.000000 0.799768 0.039017 3.901485 0.000000 99.994925 
92900.000000 0.799764 0.039014 3.901132 0.000000 99.993434 
93000.000000 0.799780 0.039016 3.901410 0.000000 99.996118 
93100.000000 0.799770 0.039013 3.901126 0.000000 99.995564 
93200.000000 0.799772 0.039011 3.900890 0.000000 99.995397 
93300.000000 0.799763 0.039007 3.900494 0.000000 99.995038 
93400.000000 0.799773 0.039011 3.900954 0.000000 99.995439 
93500.000000 0.799779 0.039014 3.901318 0.000000 99.996727 
93600.000000 0.799772 0.039012 3.901046 0.000000 99.996709 
93700.000000 0.799760 0.039007 3.900533 0.000000 99.996009 
93800.000000 0.799757 0.039006 3.900486 0.000000 99.996322 
93900.000000 0.799728 0.039001 3.899904 0.000000 99.994462 
94000.000000 0.799735 0.039004 3.900121 0.000000 99.993947 
94100.000000 0.799740 0.039005 3.900343 0.000000 99.995069 
94200.000000 0.799764 0.039012 3.901001 0.000000 99.995690 
94300.000000 0.799773 0.039014 3.901240 0.000000 99.996458 
94400.000000 0.799770 0.039017 3.901577 0.000000 99.996494 
94500.000000 0.799758 0.039016 3.901491 0.000000 99.996868 
94600.000000 0.799742 0.039021 3.901987 0.000000 99.995973 
94700.000000 0.799744 0.039027 3.902438 0.000000 99.994351 
94800.000000 0.799744 0.039027 3.902450 0.000000 99.993808 
94900.000000 0.799757 0.039031 3.902839 0.000000 99.994341 
95000.000000 0.799770 0.039033 3.903069 0.000000 99.995074 
95100.000000 0.799763 0.039031 3.902941 0.000000 99.994890 
95200.000000 0.799770 0.039032 3.902954 0.000000 99.994023 
95300.000000 0.799772 0.039030 3.902733 0.000000 99.993400 
95400.000000 0.799768 0.039031 3.902879 0.000000 99.993637 
95500.000000 0.799761 0.039029 3.902658 0.000000 99.993277 
95600.000000 0.799746 0.039022 3.901831 0.000000 99.990858 
95700.000000 0.799757 0.039020 3.901676 0.000000 99.992132 
95800.000000 0.799759 0.039021 3.901799 0.000000 99.992401 
95900.000000 0.799766 0.039020 3.901708 0.000000 99.992951 
96000.000000 0.799781 0.039031 3.902877 0.000000 99.993729 
96100.000000 0.799785 0.039033 3.903121 0.000000 99.994506 
96200.000000 0.799792 0.039037 3.903507 0.000000 99.996279 
96300.000000 0.799788 0.039032 3.903045 0.000000 99.994777 
96400.000000 0.799805 0.039032 3.903103 0.000000 99.996556 
96500.000000 0.799792 0.039033 3.903099 0.000000 99.995617 
96600.000000 0.799771 0.039028 3.902576 0.000000 99.994803 
96700.000000 0.799777 0.039034 3.903280 0.000000 99.996029 
96800.000000 0.799784 0.039037 3.903570 0.000000 99.995651 
96900.000000 0.799786 0.039042 3.903971 0.000000 99.995273 
97000.000000 0.799796 0.039047 3.904492 0.000000 99.995918 
97100.000000 0.799811 0.039049 3.904747 0.000000 99.996807 
97200.000000 0.799789 0.039044 3.904269 0.000000 99.995998 
97300.000000 0.799779 0.039044 3.904246 0.000000 99.995858 
97400.000000 0.799798 0.039047 3.904538 0.000000 99.996591 
97500.000000 0.799815 0.039054 3.905351 0.000000 99.997754 
97600.000000 0.799814 0.039053 3.905195 0.000000 99.997152 
97700.000000 0.799817 0.039054 3.905247 0.000000 99.996776 
97800.000000 0.799814 0.039052 3.905077 0.000000 99.996002 
97900.000000 0.799809 0.039053 3.905113 0.000000 99.995260 
98000.000000 0.799818 0.039057 3.905538 0.000000 99.995745 
98100.000000 0.799825 0.039058 3.905635 0.000000 99.997044 
98200.000000 0.799832 0.039061 3.905959 0.000000 99.996293 
98300.000000 0.799818 0.039058 3.905611 0.000000 99.994578 
98400.000000 0.799803 0.039054 3.905148 0.000000 99.993608 
98500.000000 0.799805 0.039052 3.904907 0.000000 99.993533 
98600.000000 0.799777 0.039048 3.904453 0.000000 99.991633 
98700.000000 0.799792 0.039055 3.905230 0.000000 99.992543 
98800.000000 0.799793 0.039052 3.904965 0.000000 99.993401 
98900.000000 0.799793 0.039055 3.905267 0.000000 99.993660 
99000.000000 0.799794 0.039052 3.904995 0.000000 99.993525 
99100.000000 0.799817 0.039062 3.906024 0.000000 99.995156 
99200.000000 0.799808 0.039056 3.905425 0.000000 99.994516 
99300.000000 0.799807 0.039053 3.905121 0.000000 99.994935 
99400.000000 0.799795 0.039051 3.904928 0.000000 99.994447 
99500.000000 0.799776 0.039050 3.904705 0.000000 99.991638 
99600.000000 0.799778 0.039053 3.904939 0.000000 99.991365 
99700.000000 0.799772 0.039055 3.905119 -0.000000 99.991003 
99800.000000 0.799775 0.039056 3.905249 0.000000 99.991743 
99900.000000 0.799754 0.039054 3.905062 0.000000 99.990901 
100000.000000 0.799741 0.039051 3.904654 0.000000 99.989410 
