100.000000 0.941005 0.175694 17.420040 -0.000000 99.150000 
200.000000 0.965418 0.352118 35.567441 -0.000000 101.010000 
300.000000 0.962486 0.278398 28.015231 -0.000000 100.630000 
400.000000 0.957806 0.242472 24.435753 -0.000000 100.777500 
500.000000 0.955879 0.225847 22.775740 -0.000000 100.846000 
600.000000 0.958711 0.221636 22.347879 0.000000 100.831667 
700.000000 0.958056 0.211090 21.283890 0.000000 100.828571 
800.000000 0.960061 0.213994 21.577286 0.000000 100.831250 
900.000000 0.958378 0.209807 21.138518 -0.000000 100.752222 
1000.000000 0.959598 0.210634 21.236759 -0.000000 100.823000 
1100.000000 0.956368 0.203596 20.483234 -0.000000 100.607273 
1200.000000 0.954657 0.197374 19.810875 -0.000000 100.372500 
1300.000000 0.955870 0.220111 22.120689 0.000000 100.497692 
1400.000000 0.956596 0.218628 21.964806 0.000000 100.466429 
1500.000000 0.956440 0.216410 21.749604 0.000000 100.502000 
1600.000000 0.955827 0.210549 21.151967 0.000000 100.461250 
1700.000000 0.953196 0.204241 20.511299 0.000000 100.427059 
1800.000000 0.953005 0.202902 20.368746 0.000000 100.387222 
1900.000000 0.952190 0.198674 19.929487 0.000000 100.312632 
2000.000000 0.951795 0.195760 19.645665 0.000000 100.356000 
2100.000000 0.951296 0.192917 19.344750 0.000000 100.275238 
2200.000000 0.950610 0.193026 19.361367 0.000000 100.304545 
2300.000000 0.950223 0.192000 19.246130 0.000000 100.240435 
2400.000000 0.949530 0.189001 18.936499 0.000000 100.192500 
2500.000000 0.950031 0.189015 18.948635 0.000000 100.249600 
2600.000000 0.950422 0.187990 18.839316 0.000000 100.214231 
2700.000000 0.951134 0.188087 18.855500 0.000000 100.248889 
2800.000000 0.950877 0.188731 18.917886 0.000000 100.237143 
2900.000000 0.950475 0.185934 18.633058 0.000000 100.213103 
3000.000000 0.950767 0.186195 18.662176 0.000000 100.229000 
3100.000000 0.951325 0.186752 18.720836 0.000000 100.244194 
3200.000000 0.951433 0.185846 18.626045 -0.000000 100.223125 
3300.000000 0.951299 0.184252 18.464995 -0.000000 100.215758 
3400.000000 0.951139 0.183822 18.416488 -0.000000 100.186471 
3500.000000 0.951058 0.182368 18.275753 -0.000000 100.213714 
3600.000000 0.951542 0.184047 18.443334 -0.000000 100.209722 
3700.000000 0.951264 0.182445 18.281441 -0.000000 100.202703 
3800.000000 0.950973 0.181407 18.175712 -0.000000 100.193158 
3900.000000 0.950746 0.179992 18.023673 -0.000000 100.135897 
4000.000000 0.950661 0.179882 18.010016 -0.000000 100.121500 
4100.000000 0.950556 0.179657 17.988233 -0.000000 100.125610 
4200.000000 0.950822 0.180281 18.053316 0.000000 100.139762 
4300.000000 0.951341 0.182540 18.281275 0.000000 100.149535 
4400.000000 0.951118 0.181726 18.196088 0.000000 100.129318 
4500.000000 0.950974 0.181005 18.118572 0.000000 100.100000 
4600.000000 0.950671 0.180003 18.011862 0.000000 100.064348 
4700.000000 0.950567 0.179370 17.945789 -0.000000 100.049149 
4800.000000 0.950877 0.181064 18.112394 0.000000 100.032917 
4900.000000 0.951025 0.182952 18.303290 0.000000 100.044490 
5000.000000 0.950889 0.182671 18.270937 0.000000 100.021200 
5100.000000 0.951241 0.185493 18.556614 0.000000 100.039412 
5200.000000 0.951358 0.185271 18.538530 0.000000 100.061538 
5300.000000 0.951172 0.184665 18.471947 0.000000 100.029623 
5400.000000 0.950751 0.183128 18.310186 0.000000 99.985741 
5500.000000 0.950712 0.183392 18.335349 0.000000 99.979273 
5600.000000 0.950679 0.182377 18.234752 0.000000 99.983750 
5700.000000 0.950615 0.181824 18.178963 0.000000 99.981053 
5800.000000 0.950337 0.180857 18.082139 0.000000 99.980345 
5900.000000 0.950082 0.180488 18.045086 0.000000 99.979153 
6000.000000 0.949859 0.180163 18.013439 0.000000 99.984333 
6100.000000 0.949496 0.179105 17.903020 0.000000 99.958361 
6200.000000 0.949621 0.180158 18.011331 0.000000 99.975323 
6300.000000 0.949944 0.181739 18.169833 0.000000 99.977619 
6400.000000 0.949998 0.181562 18.151920 0.000000 99.976250 
6500.000000 0.950024 0.181214 18.115167 0.000000 99.965692 
6600.000000 0.950063 0.180817 18.074177 0.000000 99.958182 
6700.000000 0.950065 0.180305 18.023879 0.000000 99.963284 
6800.000000 0.950069 0.180136 18.008692 0.000000 99.972941 
6900.000000 0.950247 0.181551 18.151226 0.000000 99.978551 
7000.000000 0.950100 0.181356 18.130804 0.000000 99.973714 
7100.000000 0.949809 0.180489 18.040104 0.000000 99.951127 
7200.000000 0.949950 0.181073 18.098974 0.000000 99.954167 
7300.000000 0.949905 0.180828 18.073692 0.000000 99.949589 
7400.000000 0.949745 0.180321 18.021427 0.000000 99.940946 
7500.000000 0.949701 0.179766 17.965209 -0.000000 99.936667 
7600.000000 0.949718 0.179584 17.946319 -0.000000 99.932763 
7700.000000 0.949569 0.178805 17.869738 -0.000000 99.939740 
7800.000000 0.949671 0.179280 17.916386 -0.000000 99.935000 
7900.000000 0.949702 0.179180 17.907493 -0.000000 99.941519 
8000.000000 0.949527 0.179208 17.906771 0.000000 99.921625 
8100.000000 0.949681 0.182346 18.221975 0.000000 99.930494 
8200.000000 0.949689 0.181881 18.176490 -0.000000 99.936341 
8300.000000 0.949767 0.182144 18.204611 -0.000000 99.946386 
8400.000000 0.949795 0.181857 18.174039 0.000000 99.935714 
8500.000000 0.949562 0.181113 18.101241 0.000000 99.944471 
8600.000000 0.949578 0.180954 18.087005 0.000000 99.953605 
8700.000000 0.949713 0.181227 18.114395 0.000000 99.954138 
8800.000000 0.949844 0.182206 18.215313 0.000000 99.971136 
8900.000000 0.949895 0.182495 18.242126 0.000000 99.959775 
9000.000000 0.949764 0.182141 18.205991 0.000000 99.955333 
9100.000000 0.949782 0.182048 18.195000 0.000000 99.946264 
9200.000000 0.949874 0.182762 18.269009 0.000000 99.960652 
9300.000000 0.950056 0.183554 18.349558 0.000000 99.967957 
9400.000000 0.950132 0.184790 18.475277 0.000000 99.979894 
9500.000000 0.950146 0.185169 18.511235 0.000000 99.969263 
9600.000000 0.949878 0.184347 18.425279 0.000000 99.948958 
9700.000000 0.950196 0.185506 18.543577 0.000000 99.962062 
9800.000000 0.950319 0.186232 18.617768 0.000000 99.970612 
9900.000000 0.950229 0.185393 18.533837 0.000000 99.970606 
10000.000000 0.950235 0.186092 18.605570 0.000000 99.980400 
10100.000000 0.950190 0.186076 18.601656 0.000000 99.968020 
10200.000000 0.950350 0.186293 18.624798 0.000000 99.976078 
10300.000000 0.950229 0.187133 18.706945 0.000000 99.965825 
10400.000000 0.950420 0.187476 18.743211 0.000000 99.976538 
10500.000000 0.950290 0.186974 18.690965 0.000000 99.965333 
10600.000000 0.950193 0.186795 18.674417 0.000000 99.972642 
10700.000000 0.950164 0.186843 18.677826 0.000000 99.965327 
10800.000000 0.950298 0.187044 18.700091 0.000000 99.976852 
10900.000000 0.950203 0.186653 18.659237 0.000000 99.967523 
11000.000000 0.950369 0.187956 18.791824 0.000000 99.979818 
11100.000000 0.950233 0.187303 18.725036 0.000000 99.972072 
11200.000000 0.950154 0.187037 18.697928 0.000000 99.969375 
11300.000000 0.950154 0.186851 18.680564 0.000000 99.975929 
11400.000000 0.950078 0.186390 18.633625 0.000000 99.971404 
11500.000000 0.950120 0.186535 18.647308 0.000000 99.966870 
11600.000000 0.949958 0.186217 18.613988 0.000000 99.958707 
11700.000000 0.949973 0.186269 18.621168 0.000000 99.969060 
11800.000000 0.949924 0.186334 18.628747 0.000000 99.975254 
11900.000000 0.949964 0.186101 18.605964 0.000000 99.977563 
12000.000000 0.950063 0.186831 18.679082 0.000000 99.978583 
12100.000000 0.950114 0.187561 18.752644 0.000000 99.981653 
12200.000000 0.950143 0.187209 18.717268 0.000000 99.980738 
12300.000000 0.950169 0.187370 18.734000 0.000000 99.984065 
12400.000000 0.950093 0.186876 18.684130 0.000000 99.981290 
12500.000000 0.950049 0.187734 18.768816 0.000000 99.975600 
12600.000000 0.949858 0.187147 18.707954 0.000000 99.964048 
12700.000000 0.949979 0.187839 18.777773 0.000000 99.967559 
12800.000000 0.949954 0.187865 18.779263 0.000000 99.961406 
12900.000000 0.949892 0.188267 18.818949 0.000000 99.959070 
13000.000000 0.949870 0.187890 18.780030 0.000000 99.952154 
13100.000000 0.949857 0.187623 18.752169 0.000000 99.946260 
13200.000000 0.949839 0.187169 18.708914 0.000000 99.957424 
13300.000000 0.949841 0.186826 18.675999 0.000000 99.964737 
13400.000000 0.949851 0.186412 18.633565 0.000000 99.958881 
13500.000000 0.949990 0.187458 18.740014 0.000000 99.969111 
13600.000000 0.950124 0.187596 18.755794 0.000000 99.979632 
13700.000000 0.950183 0.187684 18.764619 0.000000 99.979927 
13800.000000 0.950218 0.187692 18.764693 0.000000 99.975797 
13900.000000 0.950009 0.187095 18.701982 0.000000 99.960000 
14000.000000 0.949987 0.186659 18.659396 0.000000 99.965071 
14100.000000 0.949918 0.186204 18.613041 0.000000 99.960284 
14200.000000 0.949940 0.186040 18.596815 0.000000 99.961127 
14300.000000 0.949957 0.185849 18.578360 -0.000000 99.964615 
14400.000000 0.949842 0.185385 18.531655 0.000000 99.962986 
14500.000000 0.949840 0.185212 18.513770 0.000000 99.959931 
14600.000000 0.949827 0.184967 18.489058 -0.000000 99.958493 
14700.000000 0.949883 0.185053 18.498026 0.000000 99.960816 
14800.000000 0.949860 0.184858 18.477448 0.000000 99.954730 
14900.000000 0.949818 0.184767 18.468914 0.000000 99.958054 
15000.000000 0.949840 0.184890 18.482757 0.000000 99.966000 
15100.000000 0.949796 0.185401 18.531292 0.000000 99.952450 
15200.000000 0.949925 0.185575 18.550580 0.000000 99.962566 
15300.000000 0.949824 0.185316 18.523528 0.000000 99.956405 
15400.000000 0.949721 0.185008 18.491730 0.000000 99.950779 
15500.000000 0.949717 0.184657 18.457688 0.000000 99.956645 
15600.000000 0.949678 0.184334 18.425777 0.000000 99.958462 
15700.000000 0.949625 0.184044 18.395396 0.000000 99.951146 
15800.000000 0.949465 0.183624 18.351996 0.000000 99.943544 
15900.000000 0.949454 0.183375 18.325944 0.000000 99.937044 
16000.000000 0.949565 0.183526 18.341906 0.000000 99.941688 
16100.000000 0.949565 0.183377 18.327245 0.000000 99.943230 
16200.000000 0.949612 0.184008 18.390882 0.000000 99.945988 
16300.000000 0.949682 0.184245 18.416194 0.000000 99.954724 
16400.000000 0.949622 0.183785 18.368355 0.000000 99.944634 
16500.000000 0.949638 0.183609 18.350512 0.000000 99.943515 
16600.000000 0.949528 0.183285 18.317581 0.000000 99.940301 
16700.000000 0.949494 0.183049 18.294167 0.000000 99.941317 
16800.000000 0.949471 0.182979 18.285941 0.000000 99.934405 
16900.000000 0.949542 0.183014 18.290186 0.000000 99.938639 
17000.000000 0.949557 0.183338 18.322666 0.000000 99.939294 
17100.000000 0.949716 0.184388 18.428882 0.000000 99.946023 
17200.000000 0.949638 0.184507 18.439772 0.000000 99.940930 
17300.000000 0.949541 0.184128 18.401686 0.000000 99.939480 
17400.000000 0.949530 0.183900 18.378487 0.000000 99.937471 
17500.000000 0.949457 0.183578 18.345673 0.000000 99.934000 
17600.000000 0.949377 0.183287 18.315496 0.000000 99.927841 
17700.000000 0.949331 0.183026 18.290445 0.000000 99.933785 
17800.000000 0.949467 0.184009 18.389921 0.000000 99.940506 
17900.000000 0.949561 0.184575 18.447224 0.000000 99.944134 
18000.000000 0.949552 0.184400 18.431032 0.000000 99.951167 
18100.000000 0.949562 0.184205 18.412322 0.000000 99.955746 
18200.000000 0.949622 0.185285 18.521094 0.000000 99.960110 
18300.000000 0.949640 0.185347 18.527185 0.000000 99.959508 
18400.000000 0.949634 0.185476 18.541816 0.000000 99.969022 
18500.000000 0.949488 0.185132 18.506181 0.000000 99.961838 
18600.000000 0.949532 0.185179 18.512145 0.000000 99.968871 
18700.000000 0.949354 0.184782 18.470559 -0.000000 99.958663 
18800.000000 0.949361 0.185781 18.570523 -0.000000 99.959149 
18900.000000 0.949369 0.185721 18.565323 -0.000000 99.963386 
19000.000000 0.949417 0.185678 18.560902 -0.000000 99.962737 
19100.000000 0.949427 0.185507 18.545201 -0.000000 99.970576 
19200.000000 0.949481 0.185468 18.541605 -0.000000 99.971927 
19300.000000 0.949447 0.185245 18.520697 -0.000000 99.979223 
19400.000000 0.949244 0.184787 18.473050 0.000000 99.969433 
19500.000000 0.949283 0.184747 18.470382 -0.000000 99.976513 
19600.000000 0.949323 0.185283 18.523794 -0.000000 99.975816 
19700.000000 0.949338 0.185454 18.541827 -0.000000 99.980660 
19800.000000 0.949396 0.185796 18.577062 -0.000000 99.986566 
19900.000000 0.949369 0.185616 18.559168 -0.000000 99.986935 
20000.000000 0.949329 0.185526 18.550238 -0.000000 99.987250 
20100.000000 0.949323 0.185450 18.541459 -0.000000 99.980647 
20200.000000 0.949338 0.185289 18.524385 -0.000000 99.975446 
20300.000000 0.949354 0.185028 18.498356 -0.000000 99.975813 
20400.000000 0.949275 0.184806 18.475353 -0.000000 99.971471 
20500.000000 0.949196 0.184499 18.443483 -0.000000 99.965073 
20600.000000 0.949317 0.184633 18.458556 -0.000000 99.974126 
20700.000000 0.949299 0.184407 18.436226 -0.000000 99.975990 
20800.000000 0.949233 0.184063 18.401062 -0.000000 99.971538 
20900.000000 0.949256 0.184030 18.397383 -0.000000 99.969378 
21000.000000 0.949252 0.183952 18.389795 -0.000000 99.970619 
21100.000000 0.949379 0.184141 18.408754 -0.000000 99.971137 
21200.000000 0.949286 0.183783 18.371857 -0.000000 99.965142 
21300.000000 0.949328 0.184015 18.396043 -0.000000 99.970610 
21400.000000 0.949412 0.183977 18.393904 -0.000000 99.979159 
21500.000000 0.949462 0.184019 18.399170 -0.000000 99.984977 
21600.000000 0.949499 0.183930 18.391043 -0.000000 99.989306 
21700.000000 0.949571 0.185100 18.509263 -0.000000 99.995806 
21800.000000 0.949601 0.185075 18.507214 -0.000000 99.998349 
21900.000000 0.949549 0.184820 18.481191 -0.000000 99.995708 
22000.000000 0.949535 0.184630 18.461286 -0.000000 99.990864 
22100.000000 0.949592 0.184537 18.452817 -0.000000 99.994977 
22200.000000 0.949558 0.184352 18.434302 -0.000000 99.995315 
22300.000000 0.949490 0.184063 18.404762 0.000000 99.991839 
22400.000000 0.949476 0.183929 18.391300 0.000000 99.991295 
22500.000000 0.949490 0.184107 18.409415 0.000000 99.992800 
22600.000000 0.949463 0.184056 18.403467 0.000000 99.988584 
22700.000000 0.949526 0.184117 18.409740 0.000000 99.989163 
22800.000000 0.949540 0.183941 18.392555 0.000000 99.991623 
22900.000000 0.949556 0.183860 18.385094 0.000000 99.994978 
23000.000000 0.949605 0.184176 18.417006 0.000000 99.996696 
23100.000000 0.949545 0.183891 18.388365 0.000000 99.995801 
23200.000000 0.949607 0.183862 18.386361 -0.000000 100.001034 
23300.000000 0.949614 0.183693 18.369139 -0.000000 99.999227 
23400.000000 0.949686 0.183838 18.383424 -0.000000 99.998162 
23500.000000 0.949754 0.183955 18.395009 0.000000 99.997191 
23600.000000 0.949732 0.183709 18.370011 0.000000 99.995339 
23700.000000 0.949822 0.183927 18.392558 0.000000 99.999451 
23800.000000 0.949789 0.183709 18.370704 0.000000 99.998950 
23900.000000 0.949853 0.184663 18.467183 0.000000 100.004937 
24000.000000 0.950028 0.185729 18.576561 0.000000 100.019875 
24100.000000 0.950036 0.185555 18.559820 0.000000 100.023112 
24200.000000 0.950016 0.185354 18.539355 0.000000 100.021364 
24300.000000 0.950057 0.185369 18.540034 0.000000 100.017160 
24400.000000 0.950056 0.185290 18.532352 0.000000 100.018238 
24500.000000 0.950036 0.185052 18.508459 0.000000 100.017837 
24600.000000 0.949961 0.184817 18.484336 0.000000 100.014472 
24700.000000 0.949903 0.184528 18.454272 0.000000 100.007976 
24800.000000 0.949895 0.184419 18.442820 0.000000 100.005202 
24900.000000 0.949907 0.184313 18.432496 0.000000 100.006667 
25000.000000 0.949917 0.184157 18.416514 0.000000 100.004520 
25100.000000 0.949846 0.183869 18.386657 0.000000 99.998685 
25200.000000 0.949834 0.183805 18.380414 0.000000 99.999444 
25300.000000 0.949825 0.183682 18.368987 0.000000 100.004269 
25400.000000 0.949892 0.183890 18.389963 0.000000 100.005472 
25500.000000 0.949889 0.183969 18.398977 0.000000 100.011529 
25600.000000 0.949864 0.183846 18.386573 0.000000 100.010898 
25700.000000 0.949894 0.183770 18.379676 0.000000 100.014591 
25800.000000 0.949971 0.184198 18.423747 0.000000 100.021202 
25900.000000 0.949984 0.184092 18.413513 0.000000 100.023436 
26000.000000 0.949934 0.183871 18.390673 0.000000 100.019462 
26100.000000 0.949966 0.184156 18.419516 0.000000 100.021533 
26200.000000 0.949920 0.184018 18.405804 0.000000 100.021908 
26300.000000 0.949897 0.183849 18.389402 0.000000 100.024563 
26400.000000 0.949865 0.184207 18.424692 0.000000 100.021856 
26500.000000 0.949948 0.184367 18.441333 0.000000 100.025245 
26600.000000 0.949939 0.184288 18.433516 0.000000 100.025338 
26700.000000 0.949979 0.184420 18.447624 0.000000 100.030749 
26800.000000 0.950066 0.184937 18.500067 0.000000 100.034403 
26900.000000 0.950095 0.184862 18.491565 0.000000 100.029108 
27000.000000 0.950132 0.184897 18.494767 0.000000 100.027259 
27100.000000 0.950111 0.184711 18.475595 0.000000 100.024391 
27200.000000 0.950049 0.184581 18.462338 0.000000 100.022868 
27300.000000 0.950020 0.184637 18.467174 -0.000000 100.018608 
27400.000000 0.950119 0.185132 18.517835 -0.000000 100.025182 
27500.000000 0.950100 0.185036 18.507917 -0.000000 100.023091 
27600.000000 0.950062 0.184886 18.492226 -0.000000 100.019493 
27700.000000 0.950050 0.185075 18.510831 -0.000000 100.017906 
27800.000000 0.950099 0.185054 18.509482 -0.000000 100.022086 
27900.000000 0.950057 0.184854 18.489196 0.000000 100.020789 
28000.000000 0.950119 0.184878 18.491669 0.000000 100.020714 
28100.000000 0.950090 0.184730 18.476697 0.000000 100.020036 
28200.000000 0.950068 0.184730 18.476334 0.000000 100.018085 
28300.000000 0.950074 0.184659 18.469171 0.000000 100.017491 
28400.000000 0.950125 0.184841 18.487363 0.000000 100.017606 
28500.000000 0.950080 0.184745 18.477162 0.000000 100.014421 
28600.000000 0.950049 0.184798 18.483122 0.000000 100.018182 
28700.000000 0.950081 0.184828 18.486687 0.000000 100.020941 
28800.000000 0.950082 0.184904 18.494681 0.000000 100.023229 
28900.000000 0.950110 0.185068 18.511267 0.000000 100.024291 
29000.000000 0.950111 0.184901 18.494298 0.000000 100.022931 
29100.000000 0.950094 0.184925 18.496875 0.000000 100.023540 
29200.000000 0.950047 0.184757 18.479865 0.000000 100.022500 
29300.000000 0.950106 0.184879 18.492988 0.000000 100.027338 
29400.000000 0.950183 0.184987 18.504603 0.000000 100.032177 
29500.000000 0.950178 0.184910 18.497272 0.000000 100.033661 
29600.000000 0.950114 0.184635 18.469208 0.000000 100.030811 
29700.000000 0.950220 0.185217 18.529048 0.000000 100.039495 
29800.000000 0.950171 0.185011 18.507914 0.000000 100.036779 
29900.000000 0.950155 0.184822 18.488860 0.000000 100.036154 
30000.000000 0.950128 0.184626 18.469462 0.000000 100.037433 
30100.000000 0.950129 0.184834 18.490865 0.000000 100.040598 
30200.000000 0.950119 0.184729 18.480311 0.000000 100.040033 
30300.000000 0.950138 0.184743 18.481909 0.000000 100.041089 
30400.000000 0.950228 0.184957 18.504294 0.000000 100.046645 
30500.000000 0.950201 0.184786 18.487380 0.000000 100.047344 
30600.000000 0.950120 0.184647 18.472040 0.000000 100.039967 
30700.000000 0.950112 0.184558 18.463071 0.000000 100.039609 
30800.000000 0.950172 0.184766 18.484847 0.000000 100.044578 
30900.000000 0.950123 0.184602 18.468288 0.000000 100.043625 
31000.000000 0.950064 0.184510 18.457736 0.000000 100.036645 
31100.000000 0.950038 0.184402 18.447045 0.000000 100.037331 
31200.000000 0.950078 0.184644 18.471487 0.000000 100.038141 
31300.000000 0.950032 0.184429 18.449332 0.000000 100.034856 
31400.000000 0.950016 0.184256 18.431932 0.000000 100.034299 
31500.000000 0.950046 0.184171 18.424174 0.000000 100.038159 
31600.000000 0.950122 0.184381 18.445761 0.000000 100.041519 
31700.000000 0.950142 0.184480 18.456426 0.000000 100.045552 
31800.000000 0.950179 0.184633 18.472009 0.000000 100.047138 
31900.000000 0.950168 0.184583 18.466741 0.000000 100.045737 
32000.000000 0.950126 0.184374 18.446025 0.000000 100.047031 
32100.000000 0.950142 0.184584 18.467652 0.000000 100.050156 
32200.000000 0.950139 0.184590 18.468553 0.000000 100.051863 
32300.000000 0.950158 0.184512 18.461932 0.000000 100.058235 
32400.000000 0.950196 0.185155 18.526611 0.000000 100.060093 
32500.000000 0.950203 0.185070 18.517743 0.000000 100.058246 
32600.000000 0.950273 0.185225 18.533894 0.000000 100.061718 
32700.000000 0.950331 0.185459 18.557575 0.000000 100.062722 
32800.000000 0.950311 0.185331 18.544279 0.000000 100.060091 
32900.000000 0.950349 0.185249 18.536603 0.000000 100.062948 
33000.000000 0.950363 0.185254 18.536948 0.000000 100.062424 
33100.000000 0.950382 0.185264 18.538098 0.000000 100.063142 
33200.000000 0.950352 0.185273 18.538421 0.000000 100.059819 
33300.000000 0.950301 0.185087 18.519799 0.000000 100.060120 
33400.000000 0.950318 0.185746 18.585982 0.000000 100.061467 
33500.000000 0.950283 0.185775 18.588583 0.000000 100.059433 
33600.000000 0.950210 0.185534 18.564095 0.000000 100.057827 
33700.000000 0.950147 0.185401 18.549639 0.000000 100.051513 
33800.000000 0.950109 0.185331 18.541841 0.000000 100.047308 
33900.000000 0.950133 0.185440 18.553540 0.000000 100.051711 
34000.000000 0.950213 0.185773 18.587839 0.000000 100.056529 
34100.000000 0.950228 0.185722 18.583669 0.000000 100.061525 
34200.000000 0.950159 0.185466 18.557432 0.000000 100.058216 
34300.000000 0.950137 0.185414 18.552335 0.000000 100.058834 
34400.000000 0.950135 0.185444 18.555504 0.000000 100.059767 
34500.000000 0.950090 0.185268 18.537466 0.000000 100.057681 
34600.000000 0.950108 0.185176 18.529865 0.000000 100.066358 
34700.000000 0.950089 0.185002 18.512020 0.000000 100.064150 
34800.000000 0.950092 0.184814 18.492920 0.000000 100.062098 
34900.000000 0.950099 0.184673 18.478929 0.000000 100.063095 
35000.000000 0.950123 0.184749 18.486314 0.000000 100.062000 
35100.000000 0.950099 0.184740 18.485353 0.000000 100.061425 
35200.000000 0.950088 0.184963 18.507357 0.000000 100.059915 
35300.000000 0.950058 0.184937 18.504916 0.000000 100.060822 
35400.000000 0.950043 0.184858 18.496865 0.000000 100.060113 
35500.000000 0.950065 0.184916 18.503144 0.000000 100.062169 
35600.000000 0.950065 0.185013 18.512444 0.000000 100.060140 
35700.000000 0.950062 0.184961 18.507776 0.000000 100.063361 
35800.000000 0.950134 0.185129 18.525420 0.000000 100.067877 
35900.000000 0.950190 0.185442 18.557553 0.000000 100.072033 
36000.000000 0.950195 0.185585 18.571043 0.000000 100.067722 
36100.000000 0.950171 0.185567 18.568632 0.000000 100.064404 
36200.000000 0.950116 0.185395 18.551599 0.000000 100.065387 
36300.000000 0.950134 0.185502 18.562192 0.000000 100.064904 
36400.000000 0.950154 0.185361 18.548723 0.000000 100.068159 
36500.000000 0.950144 0.185272 18.539756 0.000000 100.067918 
36600.000000 0.950140 0.185236 18.536268 0.000000 100.068197 
36700.000000 0.950135 0.185137 18.526172 0.000000 100.067302 
36800.000000 0.950108 0.185096 18.521396 0.000000 100.063478 
36900.000000 0.950118 0.185285 18.540579 0.000000 100.065420 
37000.000000 0.950077 0.185145 18.526181 0.000000 100.062973 
37100.000000 0.950049 0.185133 18.525118 0.000000 100.063854 
37200.000000 0.949973 0.184910 18.501940 0.000000 100.059355 
37300.000000 0.949944 0.184799 18.490690 0.000000 100.058204 
37400.000000 0.949916 0.184670 18.477761 0.000000 100.058422 
37500.000000 0.949943 0.185061 18.516920 0.000000 100.058613 
37600.000000 0.950012 0.185342 18.545222 0.000000 100.059601 
37700.000000 0.949999 0.185491 18.559493 0.000000 100.056021 
37800.000000 0.950043 0.185469 18.557421 0.000000 100.056587 
37900.000000 0.950020 0.185331 18.542907 0.000000 100.053166 
38000.000000 0.950025 0.185325 18.543044 0.000000 100.056711 
38100.000000 0.950043 0.186190 18.629226 0.000000 100.055066 
38200.000000 0.950050 0.186373 18.647548 0.000000 100.054895 
38300.000000 0.950024 0.186349 18.645052 0.000000 100.054674 
38400.000000 0.950034 0.186442 18.654988 0.000000 100.058099 
38500.000000 0.950009 0.186251 18.634928 0.000000 100.052727 
38600.000000 0.949989 0.186201 18.629318 0.000000 100.049249 
38700.000000 0.949961 0.186055 18.613861 0.000000 100.045168 
38800.000000 0.949970 0.186231 18.631545 0.000000 100.045490 
38900.000000 0.949957 0.186291 18.637730 0.000000 100.046478 
39000.000000 0.949927 0.186062 18.614126 0.000000 100.042487 
39100.000000 0.949902 0.185911 18.599003 0.000000 100.042302 
39200.000000 0.949933 0.185885 18.596775 0.000000 100.044592 
39300.000000 0.949895 0.185845 18.592505 0.000000 100.043333 
39400.000000 0.949864 0.185710 18.578194 0.000000 100.038782 
39500.000000 0.949827 0.185577 18.565076 0.000000 100.039494 
39600.000000 0.949812 0.185506 18.557190 0.000000 100.035455 
39700.000000 0.949859 0.185701 18.576669 0.000000 100.035340 
39800.000000 0.949860 0.185633 18.569978 0.000000 100.035980 
39900.000000 0.949833 0.185462 18.553285 0.000000 100.037945 
40000.000000 0.949819 0.185367 18.544201 0.000000 100.040225 
40100.000000 0.949804 0.185216 18.528967 0.000000 100.039975 
40200.000000 0.949788 0.185107 18.517772 0.000000 100.038408 
40300.000000 0.949832 0.185178 18.525179 0.000000 100.039851 
40400.000000 0.949846 0.185050 18.512691 0.000000 100.041535 
40500.000000 0.949831 0.185140 18.521608 0.000000 100.041259 
40600.000000 0.949769 0.184955 18.502506 0.000000 100.037783 
40700.000000 0.949763 0.184833 18.490309 0.000000 100.037862 
40800.000000 0.949702 0.184646 18.471002 0.000000 100.034412 
40900.000000 0.949720 0.184932 18.499692 0.000000 100.035086 
41000.000000 0.949695 0.184794 18.485669 0.000000 100.033780 
41100.000000 0.949729 0.185010 18.507770 0.000000 100.036594 
41200.000000 0.949730 0.184886 18.495757 0.000000 100.038689 
41300.000000 0.949704 0.184766 18.483146 0.000000 100.035254 
41400.000000 0.949720 0.184954 18.502558 0.000000 100.038696 
41500.000000 0.949752 0.184991 18.506311 0.000000 100.038819 
41600.000000 0.949746 0.184905 18.497795 0.000000 100.039303 
41700.000000 0.949753 0.184926 18.500084 0.000000 100.040695 
41800.000000 0.949663 0.184716 18.478292 0.000000 100.036459 
41900.000000 0.949642 0.184608 18.466431 0.000000 100.030525 
42000.000000 0.949642 0.184599 18.464929 0.000000 100.027167 
42100.000000 0.949651 0.184519 18.456963 0.000000 100.027648 
42200.000000 0.949677 0.184691 18.474490 0.000000 100.029171 
42300.000000 0.949694 0.184675 18.472764 0.000000 100.028298 
42400.000000 0.949653 0.184584 18.462668 0.000000 100.023231 
42500.000000 0.949669 0.184584 18.462887 0.000000 100.024518 
42600.000000 0.949641 0.184439 18.448207 0.000000 100.023333 
42700.000000 0.949631 0.184353 18.439712 0.000000 100.023864 
42800.000000 0.949618 0.184238 18.427928 0.000000 100.022150 
42900.000000 0.949551 0.184113 18.414821 0.000000 100.019371 
43000.000000 0.949499 0.183985 18.402085 0.000000 100.019674 
43100.000000 0.949555 0.184173 18.421754 0.000000 100.024339 
43200.000000 0.949548 0.184073 18.412109 0.000000 100.026134 
43300.000000 0.949488 0.183874 18.391453 0.000000 100.021824 
43400.000000 0.949478 0.183817 18.385814 0.000000 100.022350 
43500.000000 0.949510 0.183894 18.393789 0.000000 100.023632 
43600.000000 0.949497 0.183817 18.386430 0.000000 100.025505 
43700.000000 0.949507 0.183956 18.400745 0.000000 100.028146 
43800.000000 0.949463 0.183780 18.382952 0.000000 100.026689 
43900.000000 0.949483 0.183794 18.384786 0.000000 100.029226 
44000.000000 0.949483 0.183765 18.381703 0.000000 100.028341 
44100.000000 0.949469 0.183616 18.366547 0.000000 100.026984 
44200.000000 0.949442 0.183517 18.356072 0.000000 100.024027 
44300.000000 0.949499 0.184257 18.430705 0.000000 100.027201 
44400.000000 0.949548 0.184323 18.438394 0.000000 100.032860 
44500.000000 0.949562 0.184655 18.471290 0.000000 100.031281 
44600.000000 0.949575 0.184760 18.481623 0.000000 100.030471 
44700.000000 0.949598 0.184803 18.485965 0.000000 100.030559 
44800.000000 0.949583 0.184716 18.476890 0.000000 100.028594 
44900.000000 0.949591 0.184632 18.468350 0.000000 100.027840 
45000.000000 0.949600 0.184671 18.472186 0.000000 100.027289 
45100.000000 0.949620 0.184713 18.477101 0.000000 100.031330 
45200.000000 0.949619 0.184667 18.471983 0.000000 100.028739 
45300.000000 0.949642 0.184679 18.473402 0.000000 100.029801 
45400.000000 0.949654 0.184673 18.473044 0.000000 100.030903 
45500.000000 0.949651 0.184631 18.468549 0.000000 100.029758 
45600.000000 0.949673 0.184664 18.471964 0.000000 100.030066 
45700.000000 0.949650 0.184575 18.462858 0.000000 100.028906 
45800.000000 0.949656 0.184650 18.470488 0.000000 100.029869 
45900.000000 0.949647 0.184542 18.459783 0.000000 100.030370 
46000.000000 0.949606 0.184376 18.442577 0.000000 100.026957 
46100.000000 0.949555 0.184206 18.425170 0.000000 100.024729 
46200.000000 0.949549 0.184237 18.427792 0.000000 100.022208 
46300.000000 0.949551 0.184204 18.424885 0.000000 100.024212 
46400.000000 0.949597 0.184290 18.433957 0.000000 100.026659 
46500.000000 0.949591 0.184196 18.424453 0.000000 100.026237 
46600.000000 0.949559 0.184146 18.419478 0.000000 100.026738 
46700.000000 0.949574 0.184210 18.426081 0.000000 100.027516 
46800.000000 0.949595 0.184182 18.423546 0.000000 100.029231 
46900.000000 0.949593 0.184123 18.417356 0.000000 100.027591 
47000.000000 0.949636 0.184235 18.428481 0.000000 100.027085 
47100.000000 0.949646 0.184242 18.429900 0.000000 100.031019 
47200.000000 0.949649 0.184205 18.426051 0.000000 100.030339 
47300.000000 0.949637 0.184136 18.418985 0.000000 100.029091 
47400.000000 0.949597 0.184015 18.406133 0.000000 100.024916 
47500.000000 0.949637 0.184104 18.415261 0.000000 100.026611 
47600.000000 0.949576 0.183947 18.398795 0.000000 100.022395 
47700.000000 0.949561 0.184009 18.404548 0.000000 100.019623 
47800.000000 0.949566 0.183992 18.403020 0.000000 100.020502 
47900.000000 0.949577 0.183975 18.401433 0.000000 100.021441 
48000.000000 0.949614 0.184175 18.421478 0.000000 100.021667 
48100.000000 0.949605 0.184085 18.412275 0.000000 100.020541 
48200.000000 0.949621 0.184031 18.406865 0.000000 100.020498 
48300.000000 0.949608 0.183933 18.396585 0.000000 100.018054 
48400.000000 0.949622 0.183848 18.387998 0.000000 100.017190 
48500.000000 0.949624 0.183862 18.389099 0.000000 100.015567 
48600.000000 0.949606 0.183778 18.380004 0.000000 100.011914 
48700.000000 0.949590 0.183692 18.371386 0.000000 100.011992 
48800.000000 0.949578 0.183647 18.366762 0.000000 100.011025 
48900.000000 0.949602 0.183690 18.371144 0.000000 100.011677 
49000.000000 0.949563 0.183568 18.358840 0.000000 100.011184 
49100.000000 0.949571 0.183483 18.350072 0.000000 100.009735 
49200.000000 0.949571 0.183570 18.359412 0.000000 100.013354 
49300.000000 0.949575 0.183572 18.359375 0.000000 100.012089 
49400.000000 0.949537 0.183451 18.347222 0.000000 100.011700 
49500.000000 0.949555 0.183744 18.377061 0.000000 100.014545 
49600.000000 0.949559 0.183726 18.375106 0.000000 100.013508 
49700.000000 0.949521 0.183585 18.360954 0.000000 100.013541 
49800.000000 0.949554 0.183630 18.365821 0.000000 100.015221 
49900.000000 0.949583 0.183605 18.363520 0.000000 100.016713 
50000.000000 0.949576 0.183495 18.352875 0.000000 100.018620 
50100.000000 0.949538 0.183396 18.342642 0.000000 100.016427 
50200.000000 0.949561 0.183484 18.351351 0.000000 100.016155 
50300.000000 0.949517 0.183350 18.337271 0.000000 100.012247 
50400.000000 0.949529 0.183422 18.344207 0.000000 100.010952 
50500.000000 0.949567 0.183533 18.356096 0.000000 100.015327 
50600.000000 0.949561 0.183529 18.355504 0.000000 100.014091 
50700.000000 0.949553 0.183468 18.349346 0.000000 100.013688 
50800.000000 0.949568 0.183674 18.370059 0.000000 100.014705 
50900.000000 0.949572 0.183641 18.366754 0.000000 100.014401 
51000.000000 0.949562 0.183502 18.353016 0.000000 100.015529 
51100.000000 0.949582 0.183443 18.347358 0.000000 100.016673 
51200.000000 0.949568 0.183334 18.336262 0.000000 100.015840 
51300.000000 0.949540 0.183288 18.331488 0.000000 100.014717 
51400.000000 0.949535 0.183291 18.331930 0.000000 100.015233 
51500.000000 0.949537 0.183532 18.355864 0.000000 100.014641 
51600.000000 0.949579 0.183597 18.362848 0.000000 100.017093 
51700.000000 0.949587 0.183607 18.363812 0.000000 100.016828 
51800.000000 0.949594 0.183627 18.365687 0.000000 100.016506 
51900.000000 0.949634 0.183860 18.389326 0.000000 100.018131 
52000.000000 0.949617 0.183752 18.377928 0.000000 100.014750 
52100.000000 0.949645 0.183756 18.378768 0.000000 100.017083 
52200.000000 0.949617 0.183660 18.368869 0.000000 100.015785 
52300.000000 0.949573 0.183621 18.364735 0.000000 100.014551 
52400.000000 0.949562 0.183513 18.354107 0.000000 100.015363 
52500.000000 0.949550 0.183407 18.343461 0.000000 100.015010 
52600.000000 0.949557 0.183460 18.349073 0.000000 100.016958 
52700.000000 0.949535 0.183361 18.338889 0.000000 100.015370 
52800.000000 0.949582 0.183754 18.378808 0.000000 100.018390 
52900.000000 0.949630 0.183992 18.403103 0.000000 100.021191 
53000.000000 0.949658 0.183951 18.399231 0.000000 100.022717 
53100.000000 0.949652 0.183989 18.403280 0.000000 100.023729 
53200.000000 0.949669 0.183974 18.401635 0.000000 100.023252 
53300.000000 0.949665 0.183956 18.399643 0.000000 100.022158 
53400.000000 0.949693 0.183971 18.401438 0.000000 100.023670 
53500.000000 0.949651 0.183842 18.388063 0.000000 100.021065 
53600.000000 0.949681 0.184018 18.406013 0.000000 100.023153 
53700.000000 0.949720 0.184182 18.422678 0.000000 100.024358 
53800.000000 0.949717 0.184281 18.432876 0.000000 100.025911 
53900.000000 0.949745 0.184459 18.451005 0.000000 100.027625 
54000.000000 0.949739 0.184481 18.453238 0.000000 100.027722 
54100.000000 0.949682 0.184359 18.440559 0.000000 100.025490 
54200.000000 0.949696 0.184353 18.440040 0.000000 100.025461 
54300.000000 0.949680 0.184287 18.433048 0.000000 100.023831 
54400.000000 0.949703 0.184252 18.429675 0.000000 100.024026 
54500.000000 0.949734 0.184238 18.428638 0.000000 100.026514 
54600.000000 0.949762 0.184511 18.456711 0.000000 100.030183 
54700.000000 0.949744 0.184459 18.451352 0.000000 100.029378 
54800.000000 0.949739 0.184417 18.447124 0.000000 100.029617 
54900.000000 0.949712 0.184390 18.444090 0.000000 100.027413 
55000.000000 0.949723 0.184339 18.439502 0.000000 100.030218 
55100.000000 0.949723 0.184247 18.430287 0.000000 100.030526 
55200.000000 0.949782 0.184377 18.444089 0.000000 100.034692 
55300.000000 0.949737 0.184246 18.430664 0.000000 100.033128 
55400.000000 0.949722 0.184158 18.421443 0.000000 100.030668 
55500.000000 0.949739 0.184138 18.419874 0.000000 100.032955 
55600.000000 0.949729 0.184102 18.416482 0.000000 100.033921 
55700.000000 0.949736 0.184207 18.426855 0.000000 100.033465 
55800.000000 0.949733 0.184165 18.422545 0.000000 100.032939 
55900.000000 0.949730 0.184142 18.420167 0.000000 100.032648 
56000.000000 0.949735 0.184219 18.428282 0.000000 100.034429 
56100.000000 0.949743 0.184234 18.430068 0.000000 100.036239 
56200.000000 0.949704 0.184117 18.418411 0.000000 100.036619 
56300.000000 0.949676 0.183979 18.404467 0.000000 100.035861 
56400.000000 0.949682 0.184000 18.406768 0.000000 100.036879 
56500.000000 0.949696 0.183937 18.400916 0.000000 100.039487 
56600.000000 0.949699 0.183988 18.405943 0.000000 100.039011 
56700.000000 0.949714 0.184109 18.418400 0.000000 100.040970 
56800.000000 0.949713 0.184063 18.413464 0.000000 100.039102 
56900.000000 0.949705 0.184038 18.410825 0.000000 100.038243 
57000.000000 0.949665 0.183975 18.404215 0.000000 100.036614 
57100.000000 0.949676 0.183905 18.397545 0.000000 100.038406 
57200.000000 0.949657 0.183848 18.391568 0.000000 100.036678 
57300.000000 0.949670 0.183931 18.399763 0.000000 100.036422 
57400.000000 0.949667 0.183908 18.397632 0.000000 100.037300 
57500.000000 0.949592 0.183739 18.380017 0.000000 100.033443 
57600.000000 0.949546 0.183592 18.365101 0.000000 100.032257 
57700.000000 0.949532 0.183475 18.353262 0.000000 100.031161 
57800.000000 0.949551 0.183447 18.350534 0.000000 100.031955 
57900.000000 0.949548 0.183353 18.341357 0.000000 100.033230 
58000.000000 0.949549 0.183333 18.339448 0.000000 100.033500 
58100.000000 0.949527 0.183256 18.331127 0.000000 100.030413 
58200.000000 0.949531 0.183200 18.325251 0.000000 100.028900 
58300.000000 0.949545 0.183221 18.327925 0.000000 100.031784 
58400.000000 0.949539 0.183184 18.324519 0.000000 100.033630 
58500.000000 0.949547 0.183162 18.322627 0.000000 100.034957 
58600.000000 0.949555 0.183093 18.315939 0.000000 100.036331 
58700.000000 0.949532 0.182991 18.305138 0.000000 100.033032 
58800.000000 0.949508 0.182889 18.294555 0.000000 100.030731 
58900.000000 0.949525 0.182943 18.299707 0.000000 100.029321 
59000.000000 0.949491 0.182898 18.294996 0.000000 100.028661 
59100.000000 0.949542 0.183139 18.319757 0.000000 100.032250 
59200.000000 0.949553 0.183058 18.311853 0.000000 100.032855 
59300.000000 0.949518 0.182922 18.297863 0.000000 100.030927 
59400.000000 0.949536 0.182941 18.299684 0.000000 100.030370 
59500.000000 0.949519 0.182849 18.290299 0.000000 100.029697 
59600.000000 0.949505 0.182798 18.285052 0.000000 100.028540 
59700.000000 0.949467 0.182739 18.278560 0.000000 100.025595 
59800.000000 0.949489 0.182752 18.279836 0.000000 100.025385 
59900.000000 0.949496 0.182692 18.274114 0.000000 100.026878 
60000.000000 0.949475 0.182659 18.270606 0.000000 100.025633 
60100.000000 0.949460 0.182539 18.258267 0.000000 100.023910 
60200.000000 0.949441 0.182503 18.254382 0.000000 100.022176 
60300.000000 0.949409 0.182422 18.246273 0.000000 100.022139 
60400.000000 0.949408 0.182370 18.241273 0.000000 100.023195 
60500.000000 0.949406 0.182307 18.235042 0.000000 100.023636 
60600.000000 0.949410 0.182263 18.231006 0.000000 100.025825 
60700.000000 0.949384 0.182160 18.220664 0.000000 100.025387 
60800.000000 0.949397 0.182104 18.215149 0.000000 100.025905 
60900.000000 0.949411 0.182087 18.213450 0.000000 100.025944 
61000.000000 0.949402 0.182214 18.226250 0.000000 100.026492 
61100.000000 0.949391 0.182297 18.234087 0.000000 100.023928 
61200.000000 0.949401 0.182285 18.232634 0.000000 100.022925 
61300.000000 0.949392 0.182207 18.224512 0.000000 100.021126 
61400.000000 0.949379 0.182106 18.214402 0.000000 100.021010 
61500.000000 0.949425 0.182225 18.226350 0.000000 100.021171 
61600.000000 0.949407 0.182158 18.219405 0.000000 100.020000 
61700.000000 0.949395 0.182185 18.222323 0.000000 100.020989 
61800.000000 0.949373 0.182131 18.216571 0.000000 100.019126 
61900.000000 0.949344 0.182096 18.212845 0.000000 100.017932 
62000.000000 0.949369 0.182108 18.214295 0.000000 100.019226 
62100.000000 0.949377 0.182076 18.210978 0.000000 100.018647 
62200.000000 0.949364 0.181980 18.201569 0.000000 100.019711 
62300.000000 0.949371 0.181951 18.198644 0.000000 100.019647 
62400.000000 0.949400 0.181982 18.202371 0.000000 100.023013 
62500.000000 0.949381 0.181938 18.197307 0.000000 100.019248 
62600.000000 0.949400 0.182009 18.204217 0.000000 100.018355 
62700.000000 0.949410 0.182057 18.208852 0.000000 100.017129 
62800.000000 0.949393 0.181950 18.197823 0.000000 100.015701 
62900.000000 0.949395 0.181901 18.192987 0.000000 100.015707 
63000.000000 0.949376 0.181871 18.189987 0.000000 100.015905 
63100.000000 0.949382 0.181825 18.185357 0.000000 100.015975 
63200.000000 0.949364 0.181851 18.187561 0.000000 100.013766 
63300.000000 0.949353 0.181811 18.183367 0.000000 100.012654 
63400.000000 0.949311 0.181701 18.171910 0.000000 100.010158 
63500.000000 0.949330 0.181705 18.172211 0.000000 100.009575 
63600.000000 0.949354 0.181761 18.178080 0.000000 100.011116 
63700.000000 0.949341 0.181731 18.174610 0.000000 100.008336 
63800.000000 0.949318 0.181640 18.165431 0.000000 100.007665 
63900.000000 0.949319 0.181601 18.161414 0.000000 100.007199 
64000.000000 0.949326 0.181585 18.159793 0.000000 100.006969 
64100.000000 0.949320 0.181514 18.152474 0.000000 100.005788 
64200.000000 0.949365 0.181729 18.174239 0.000000 100.007290 
64300.000000 0.949371 0.181704 18.171755 0.000000 100.007325 
64400.000000 0.949376 0.181691 18.170430 0.000000 100.007205 
64500.000000 0.949368 0.181713 18.172459 0.000000 100.006171 
64600.000000 0.949365 0.181669 18.168170 0.000000 100.006734 
64700.000000 0.949352 0.181634 18.164502 0.000000 100.006105 
64800.000000 0.949335 0.181566 18.157265 0.000000 100.003719 
64900.000000 0.949330 0.181527 18.153180 0.000000 100.002542 
65000.000000 0.949327 0.181514 18.151752 0.000000 100.001985 
65100.000000 0.949308 0.181575 18.157769 0.000000 100.001336 
65200.000000 0.949334 0.181748 18.175261 0.000000 100.002285 
65300.000000 0.949347 0.181769 18.177497 0.000000 100.003277 
65400.000000 0.949337 0.181906 18.191028 0.000000 100.002263 
65500.000000 0.949319 0.181843 18.184375 0.000000 100.000275 
65600.000000 0.949316 0.181841 18.183995 0.000000 99.999558 
65700.000000 0.949295 0.181751 18.174950 0.000000 99.998965 
65800.000000 0.949304 0.181716 18.171054 0.000000 99.997188 
65900.000000 0.949293 0.181693 18.168629 0.000000 99.996373 
66000.000000 0.949291 0.181691 18.168502 0.000000 99.996939 
66100.000000 0.949312 0.181694 18.168900 0.000000 99.997398 
66200.000000 0.949311 0.181704 18.170122 0.000000 99.998429 
66300.000000 0.949310 0.181676 18.167530 0.000000 99.999578 
66400.000000 0.949306 0.181622 18.161811 0.000000 99.997696 
66500.000000 0.949314 0.181605 18.160285 0.000000 99.999068 
66600.000000 0.949286 0.181511 18.150505 0.000000 99.996787 
66700.000000 0.949321 0.181714 18.170981 0.000000 99.997646 
66800.000000 0.949320 0.181622 18.161288 0.000000 99.994731 
66900.000000 0.949340 0.181647 18.164102 0.000000 99.996667 
67000.000000 0.949344 0.181708 18.170233 0.000000 99.996836 
67100.000000 0.949360 0.181731 18.173002 0.000000 99.999523 
67200.000000 0.949362 0.181732 18.173066 0.000000 99.999241 
67300.000000 0.949371 0.181694 18.169587 0.000000 100.001293 
67400.000000 0.949365 0.181625 18.162707 0.000000 100.001187 
67500.000000 0.949366 0.181599 18.160090 0.000000 100.001259 
67600.000000 0.949379 0.181589 18.158994 0.000000 100.000459 
67700.000000 0.949390 0.181621 18.162572 0.000000 100.002482 
67800.000000 0.949404 0.181635 18.164399 0.000000 100.005206 
67900.000000 0.949411 0.181676 18.168739 0.000000 100.006362 
68000.000000 0.949436 0.181839 18.185197 0.000000 100.007382 
68100.000000 0.949455 0.181973 18.198971 0.000000 100.009207 
68200.000000 0.949445 0.181887 18.190420 0.000000 100.009340 
68300.000000 0.949453 0.181996 18.201523 0.000000 100.010820 
68400.000000 0.949437 0.181938 18.195781 0.000000 100.010921 
68500.000000 0.949447 0.181990 18.201150 0.000000 100.011752 
68600.000000 0.949437 0.182012 18.203382 0.000000 100.011997 
68700.000000 0.949430 0.181963 18.198195 0.000000 100.010146 
68800.000000 0.949447 0.181967 18.198602 0.000000 100.010669 
68900.000000 0.949443 0.181963 18.198331 0.000000 100.011045 
69000.000000 0.949414 0.181895 18.190827 0.000000 100.007478 
69100.000000 0.949431 0.181911 18.192624 0.000000 100.008567 
69200.000000 0.949403 0.181835 18.184558 0.000000 100.005665 
69300.000000 0.949406 0.181980 18.199177 0.000000 100.006248 
69400.000000 0.949412 0.181985 18.199570 0.000000 100.006124 
69500.000000 0.949377 0.181882 18.188947 0.000000 100.004029 
69600.000000 0.949391 0.181923 18.193102 0.000000 100.004282 
69700.000000 0.949398 0.181887 18.189440 0.000000 100.004333 
69800.000000 0.949403 0.181921 18.193106 0.000000 100.005731 
69900.000000 0.949390 0.181879 18.188812 0.000000 100.004878 
70000.000000 0.949383 0.181893 18.190198 0.000000 100.005186 
70100.000000 0.949379 0.181945 18.195417 0.000000 100.005164 
70200.000000 0.949371 0.181884 18.189541 0.000000 100.006496 
70300.000000 0.949371 0.181834 18.184402 0.000000 100.005761 
70400.000000 0.949380 0.181941 18.195310 0.000000 100.006832 
70500.000000 0.949358 0.181980 18.199271 0.000000 100.006851 
70600.000000 0.949327 0.181895 18.190271 0.000000 100.004433 
70700.000000 0.949326 0.181841 18.184734 0.000000 100.003621 
70800.000000 0.949338 0.181851 18.185979 0.000000 100.005099 
70900.000000 0.949355 0.181892 18.190526 0.000000 100.007518 
71000.000000 0.949361 0.181914 18.192565 0.000000 100.006521 
71100.000000 0.949376 0.181880 18.189335 0.000000 100.007511 
71200.000000 0.949360 0.181793 18.180086 0.000000 100.004522 
71300.000000 0.949359 0.181893 18.190284 0.000000 100.005288 
71400.000000 0.949378 0.181960 18.197118 0.000000 100.006022 
71500.000000 0.949357 0.181930 18.193945 0.000000 100.005441 
71600.000000 0.949365 0.181875 18.188246 0.000000 100.004330 
71700.000000 0.949357 0.181786 18.179155 0.000000 100.003208 
71800.000000 0.949373 0.181916 18.191919 0.000000 100.002006 
71900.000000 0.949406 0.182119 18.212739 0.000000 100.004353 
72000.000000 0.949418 0.182116 18.212632 0.000000 100.005778 
72100.000000 0.949426 0.182168 18.218064 0.000000 100.006949 
72200.000000 0.949399 0.182112 18.212234 0.000000 100.005443 
72300.000000 0.949425 0.182280 18.229020 0.000000 100.005671 
72400.000000 0.949402 0.182296 18.230415 0.000000 100.004378 
72500.000000 0.949385 0.182239 18.224414 0.000000 100.002883 
72600.000000 0.949387 0.182163 18.217144 0.000000 100.004477 
72700.000000 0.949374 0.182103 18.211161 0.000000 100.004649 
72800.000000 0.949389 0.182086 18.209405 0.000000 100.004505 
72900.000000 0.949425 0.182280 18.229301 0.000000 100.006941 
73000.000000 0.949450 0.182423 18.243357 0.000000 100.005781 
73100.000000 0.949469 0.182509 18.252086 0.000000 100.006306 
73200.000000 0.949476 0.182506 18.251896 0.000000 100.007363 
73300.000000 0.949502 0.182521 18.253977 0.000000 100.010055 
73400.000000 0.949491 0.182510 18.252584 0.000000 100.008719 
73500.000000 0.949516 0.182544 18.256413 0.000000 100.011007 
73600.000000 0.949540 0.182663 18.268825 0.000000 100.013764 
73700.000000 0.949513 0.182582 18.260358 0.000000 100.011560 
73800.000000 0.949511 0.182567 18.258783 0.000000 100.011206 
73900.000000 0.949490 0.182491 18.251049 0.000000 100.010812 
74000.000000 0.949491 0.182518 18.253591 0.000000 100.009568 
74100.000000 0.949537 0.183095 18.312056 0.000000 100.013914 
74200.000000 0.949532 0.183059 18.308261 0.000000 100.012978 
74300.000000 0.949547 0.183007 18.303309 0.000000 100.014415 
74400.000000 0.949547 0.182972 18.299787 0.000000 100.014032 
74500.000000 0.949532 0.182933 18.295619 0.000000 100.012456 
74600.000000 0.949515 0.182838 18.285776 0.000000 100.010965 
74700.000000 0.949518 0.182821 18.284232 0.000000 100.011901 
74800.000000 0.949494 0.182748 18.276949 0.000000 100.011952 
74900.000000 0.949494 0.182718 18.274039 0.000000 100.012377 
75000.000000 0.949505 0.182713 18.273620 0.000000 100.012947 
75100.000000 0.949486 0.182719 18.274063 0.000000 100.012064 
75200.000000 0.949458 0.182631 18.265088 0.000000 100.010705 
75300.000000 0.949427 0.182547 18.256399 0.000000 100.009575 
75400.000000 0.949438 0.182581 18.259956 0.000000 100.010159 
75500.000000 0.949445 0.182589 18.260976 0.000000 100.011391 
75600.000000 0.949464 0.182580 18.260487 0.000000 100.013373 
75700.000000 0.949466 0.182571 18.259786 0.000000 100.014927 
75800.000000 0.949473 0.182605 18.263102 0.000000 100.014222 
75900.000000 0.949491 0.182672 18.270173 0.000000 100.016074 
76000.000000 0.949495 0.182652 18.268414 0.000000 100.017618 
76100.000000 0.949487 0.182610 18.263721 0.000000 100.015046 
76200.000000 0.949517 0.182649 18.267632 0.000000 100.015197 
76300.000000 0.949524 0.182629 18.265717 0.000000 100.015505 
76400.000000 0.949550 0.182723 18.275071 0.000000 100.015327 
76500.000000 0.949566 0.182753 18.278423 0.000000 100.017255 
76600.000000 0.949577 0.182731 18.276471 0.000000 100.018251 
76700.000000 0.949575 0.182745 18.277715 0.000000 100.017653 
76800.000000 0.949564 0.182690 18.271925 0.000000 100.016081 
76900.000000 0.949569 0.182707 18.273849 0.000000 100.017308 
77000.000000 0.949577 0.182700 18.272965 0.000000 100.016273 
77100.000000 0.949577 0.182669 18.269863 0.000000 100.016213 
77200.000000 0.949575 0.182650 18.268012 0.000000 100.016762 
77300.000000 0.949565 0.182632 18.266219 0.000000 100.016559 
77400.000000 0.949538 0.182548 18.257577 0.000000 100.015026 
77500.000000 0.949559 0.182698 18.272909 0.000000 100.016826 
77600.000000 0.949585 0.182808 18.284280 0.000000 100.018776 
77700.000000 0.949583 0.182759 18.279586 0.000000 100.020026 
77800.000000 0.949580 0.182709 18.274273 0.000000 100.018638 
77900.000000 0.949579 0.182671 18.270525 0.000000 100.018639 
78000.000000 0.949566 0.182601 18.263814 0.000000 100.020115 
78100.000000 0.949596 0.182675 18.271182 0.000000 100.020294 
78200.000000 0.949632 0.182869 18.290906 0.000000 100.021675 
78300.000000 0.949640 0.182979 18.302149 0.000000 100.022989 
78400.000000 0.949649 0.182951 18.299434 0.000000 100.023776 
78500.000000 0.949664 0.183003 18.304973 0.000000 100.025631 
78600.000000 0.949657 0.182926 18.297422 0.000000 100.026234 
78700.000000 0.949628 0.182890 18.293530 0.000000 100.024981 
78800.000000 0.949652 0.182980 18.302926 0.000000 100.027170 
78900.000000 0.949655 0.182934 18.298079 0.000000 100.025589 
79000.000000 0.949670 0.182957 18.300437 0.000000 100.026076 
79100.000000 0.949670 0.182935 18.298279 0.000000 100.026081 
79200.000000 0.949657 0.182879 18.292511 0.000000 100.025227 
79300.000000 0.949653 0.182794 18.283927 0.000000 100.024931 
79400.000000 0.949650 0.182790 18.283938 0.000000 100.027204 
79500.000000 0.949657 0.182728 18.277875 0.000000 100.027686 
79600.000000 0.949654 0.182669 18.272062 0.000000 100.028065 
79700.000000 0.949647 0.182664 18.271704 0.000000 100.028996 
79800.000000 0.949683 0.183140 18.319934 0.000000 100.032657 
79900.000000 0.949695 0.183270 18.333063 0.000000 100.033267 
80000.000000 0.949696 0.183225 18.328798 0.000000 100.034313 
80100.000000 0.949691 0.183171 18.323188 0.000000 100.033184 
80200.000000 0.949687 0.183232 18.329336 0.000000 100.033454 
80300.000000 0.949692 0.183187 18.325005 0.000000 100.034633 
80400.000000 0.949691 0.183147 18.320914 0.000000 100.033930 
80500.000000 0.949671 0.183053 18.311248 0.000000 100.032410 
80600.000000 0.949678 0.183036 18.309651 0.000000 100.033213 
80700.000000 0.949684 0.183365 18.342356 0.000000 100.032144 
80800.000000 0.949713 0.183529 18.358826 0.000000 100.032450 
80900.000000 0.949737 0.183682 18.374344 0.000000 100.033214 
81000.000000 0.949725 0.183603 18.366206 0.000000 100.032358 
81100.000000 0.949726 0.183552 18.361058 0.000000 100.031961 
81200.000000 0.949724 0.183524 18.358061 0.000000 100.030973 
81300.000000 0.949695 0.183425 18.348128 0.000000 100.030627 
81400.000000 0.949710 0.183417 18.347469 0.000000 100.031302 
81500.000000 0.949718 0.183346 18.340226 0.000000 100.030736 
81600.000000 0.949739 0.183490 18.354885 0.000000 100.031863 
81700.000000 0.949736 0.183507 18.356795 0.000000 100.033182 
81800.000000 0.949735 0.183491 18.355294 0.000000 100.033888 
81900.000000 0.949726 0.183411 18.347106 0.000000 100.032674 
82000.000000 0.949755 0.183442 18.350502 0.000000 100.034305 
82100.000000 0.949757 0.183423 18.348499 0.000000 100.033544 
82200.000000 0.949777 0.183439 18.350034 0.000000 100.033406 
82300.000000 0.949782 0.183401 18.346283 0.000000 100.033451 
82400.000000 0.949797 0.183612 18.367328 0.000000 100.033459 
82500.000000 0.949796 0.183577 18.363861 0.000000 100.033830 
82600.000000 0.949799 0.183524 18.358551 0.000000 100.033717 
82700.000000 0.949779 0.183510 18.357205 0.000000 100.033567 
82800.000000 0.949778 0.183469 18.353227 0.000000 100.034287 
82900.000000 0.949770 0.183451 18.351286 0.000000 100.033884 
83000.000000 0.949785 0.183405 18.346965 0.000000 100.035470 
83100.000000 0.949788 0.183382 18.344821 0.000000 100.036197 
83200.000000 0.949818 0.183526 18.359625 0.000000 100.038053 
83300.000000 0.949816 0.183511 18.358087 0.000000 100.038019 
83400.000000 0.949817 0.183521 18.358880 0.000000 100.037110 
83500.000000 0.949795 0.183460 18.352541 0.000000 100.035485 
83600.000000 0.949787 0.183399 18.346423 -0.000000 100.035383 
83700.000000 0.949778 0.183370 18.343159 0.000000 100.033763 
83800.000000 0.949761 0.183287 18.334936 -0.000000 100.033819 
83900.000000 0.949741 0.183233 18.329228 -0.000000 100.032098 
84000.000000 0.949731 0.183174 18.323158 -0.000000 100.031679 
84100.000000 0.949744 0.183150 18.321130 -0.000000 100.033567 
84200.000000 0.949761 0.183199 18.326203 -0.000000 100.034287 
84300.000000 0.949768 0.183251 18.331467 -0.000000 100.034899 
84400.000000 0.949732 0.183138 18.319851 -0.000000 100.033282 
84500.000000 0.949718 0.183101 18.316129 -0.000000 100.032911 
84600.000000 0.949729 0.183235 18.329335 -0.000000 100.031820 
84700.000000 0.949732 0.183265 18.332379 -0.000000 100.031877 
84800.000000 0.949713 0.183172 18.322561 -0.000000 100.029399 
84900.000000 0.949702 0.183152 18.320338 -0.000000 100.028104 
85000.000000 0.949717 0.183181 18.323515 -0.000000 100.029388 
85100.000000 0.949726 0.183205 18.326110 -0.000000 100.030799 
85200.000000 0.949740 0.183219 18.328078 -0.000000 100.033920 
85300.000000 0.949756 0.183256 18.331608 -0.000000 100.032626 
85400.000000 0.949769 0.183308 18.336777 -0.000000 100.032436 
85500.000000 0.949758 0.183245 18.330106 -0.000000 100.030819 
85600.000000 0.949761 0.183312 18.336958 -0.000000 100.031250 
85700.000000 0.949771 0.183284 18.334532 -0.000000 100.033256 
85800.000000 0.949783 0.183278 18.333862 -0.000000 100.033030 
85900.000000 0.949753 0.183245 18.330343 -0.000000 100.031816 
86000.000000 0.949759 0.183304 18.336036 -0.000000 100.030988 
86100.000000 0.949762 0.183297 18.335283 -0.000000 100.030523 
86200.000000 0.949750 0.183301 18.335748 -0.000000 100.030800 
86300.000000 0.949769 0.183370 18.342646 -0.000000 100.030556 
86400.000000 0.949789 0.183458 18.351606 -0.000000 100.031759 
86500.000000 0.949785 0.183379 18.343905 -0.000000 100.032740 
86600.000000 0.949782 0.183351 18.341031 -0.000000 100.032217 
86700.000000 0.949779 0.183329 18.338777 -0.000000 100.032261 
86800.000000 0.949796 0.183319 18.337696 -0.000000 100.031659 
86900.000000 0.949821 0.183379 18.344001 -0.000000 100.033464 
87000.000000 0.949818 0.183358 18.341778 -0.000000 100.032701 
87100.000000 0.949832 0.183341 18.340359 -0.000000 100.034248 
87200.000000 0.949831 0.183288 18.334876 -0.000000 100.033096 
87300.000000 0.949805 0.183229 18.328653 -0.000000 100.031672 
87400.000000 0.949826 0.183326 18.338621 -0.000000 100.032609 
87500.000000 0.949832 0.183340 18.339900 -0.000000 100.032400 
87600.000000 0.949837 0.183324 18.338407 -0.000000 100.032922 
87700.000000 0.949823 0.183304 18.336335 -0.000000 100.032338 
87800.000000 0.949852 0.183373 18.343794 -0.000000 100.035216 
87900.000000 0.949857 0.183381 18.344689 -0.000000 100.035836 
88000.000000 0.949861 0.183348 18.341387 -0.000000 100.035716 
88100.000000 0.949855 0.183350 18.341608 -0.000000 100.036061 
88200.000000 0.949842 0.183347 18.340952 -0.000000 100.034354 
88300.000000 0.949857 0.183355 18.341783 -0.000000 100.034519 
88400.000000 0.949855 0.183403 18.346597 -0.000000 100.034423 
88500.000000 0.949837 0.183318 18.337837 -0.000000 100.033017 
88600.000000 0.949850 0.183441 18.350073 -0.000000 100.032641 
88700.000000 0.949841 0.183383 18.344291 -0.000000 100.032503 
88800.000000 0.949847 0.183385 18.344230 -0.000000 100.031239 
88900.000000 0.949845 0.183373 18.342937 -0.000000 100.030652 
89000.000000 0.949842 0.183342 18.339705 -0.000000 100.029933 
89100.000000 0.949869 0.183387 18.344497 -0.000000 100.031594 
89200.000000 0.949873 0.183390 18.344645 -0.000000 100.030975 
89300.000000 0.949851 0.183336 18.339044 -0.000000 100.029597 
89400.000000 0.949834 0.183266 18.331913 -0.000000 100.029150 
89500.000000 0.949830 0.183234 18.328579 -0.000000 100.028447 
89600.000000 0.949833 0.183181 18.323358 -0.000000 100.028538 
89700.000000 0.949823 0.183230 18.327882 -0.000000 100.026577 
89800.000000 0.949848 0.183336 18.338650 -0.000000 100.027628 
89900.000000 0.949831 0.183281 18.332966 -0.000000 100.026474 
90000.000000 0.949816 0.183211 18.325815 -0.000000 100.025656 
90100.000000 0.949800 0.183155 18.319987 -0.000000 100.024739 
90200.000000 0.949804 0.183120 18.316774 -0.000000 100.026231 
90300.000000 0.949789 0.183050 18.309714 -0.000000 100.025515 
90400.000000 0.949764 0.183006 18.304966 -0.000000 100.023717 
90500.000000 0.949768 0.183049 18.309259 -0.000000 100.023956 
90600.000000 0.949754 0.183015 18.305408 -0.000000 100.021600 
90700.000000 0.949747 0.182957 18.299691 -0.000000 100.021566 
90800.000000 0.949731 0.182882 18.292106 -0.000000 100.021200 
90900.000000 0.949745 0.182943 18.298230 -0.000000 100.021727 
91000.000000 0.949755 0.183016 18.305682 -0.000000 100.022044 
91100.000000 0.949759 0.183018 18.305907 -0.000000 100.022173 
91200.000000 0.949754 0.183003 18.304138 -0.000000 100.020910 
91300.000000 0.949748 0.182934 18.297264 -0.000000 100.020997 
91400.000000 0.949745 0.182941 18.297825 -0.000000 100.020449 
91500.000000 0.949756 0.182982 18.301974 -0.000000 100.020732 
91600.000000 0.949750 0.182921 18.295885 0.000000 100.020950 
91700.000000 0.949761 0.182931 18.296974 -0.000000 100.021309 
91800.000000 0.949769 0.182918 18.295940 -0.000000 100.022407 
91900.000000 0.949766 0.182922 18.296328 -0.000000 100.022699 
92000.000000 0.949757 0.182891 18.293186 -0.000000 100.022217 
92100.000000 0.949736 0.182890 18.292927 -0.000000 100.021357 
92200.000000 0.949734 0.182838 18.287805 -0.000000 100.021952 
92300.000000 0.949729 0.182809 18.284946 -0.000000 100.021885 
92400.000000 0.949742 0.182832 18.287255 -0.000000 100.022045 
92500.000000 0.949728 0.182749 18.278760 -0.000000 100.020995 
92600.000000 0.949719 0.182709 18.274550 -0.000000 100.019870 
92700.000000 0.949742 0.182761 18.280015 -0.000000 100.021381 
92800.000000 0.949739 0.182721 18.276045 -0.000000 100.021325 
92900.000000 0.949718 0.182641 18.267829 -0.000000 100.020603 
93000.000000 0.949700 0.182564 18.260356 -0.000000 100.021430 
93100.000000 0.949691 0.182527 18.256374 -0.000000 100.020311 
93200.000000 0.949696 0.182529 18.256816 -0.000000 100.021266 
93300.000000 0.949673 0.182456 18.249535 0.000000 100.021704 
93400.000000 0.949668 0.182432 18.247024 0.000000 100.020717 
93500.000000 0.949677 0.182541 18.258130 0.000000 100.021818 
93600.000000 0.949696 0.182585 18.262543 0.000000 100.022158 
93700.000000 0.949704 0.182567 18.260639 0.000000 100.021313 
93800.000000 0.949708 0.182571 18.260691 0.000000 100.019488 
93900.000000 0.949714 0.182635 18.267256 0.000000 100.020469 
94000.000000 0.949738 0.182793 18.283330 0.000000 100.022298 
94100.000000 0.949735 0.182750 18.279154 0.000000 100.022752 
94200.000000 0.949748 0.182810 18.285269 0.000000 100.023386 
94300.000000 0.949745 0.182781 18.282448 0.000000 100.023584 
94400.000000 0.949742 0.182813 18.285449 0.000000 100.022860 
94500.000000 0.949751 0.182852 18.289698 0.000000 100.024370 
94600.000000 0.949762 0.182874 18.291744 0.000000 100.023879 
94700.000000 0.949741 0.182817 18.286025 0.000000 100.023812 
94800.000000 0.949760 0.182872 18.291865 0.000000 100.025316 
94900.000000 0.949754 0.182857 18.290243 0.000000 100.025047 
95000.000000 0.949770 0.182921 18.296851 0.000000 100.026116 
95100.000000 0.949784 0.182977 18.302835 0.000000 100.028275 
95200.000000 0.949817 0.183151 18.320492 0.000000 100.029496 
95300.000000 0.949806 0.183130 18.318408 0.000000 100.029454 
95400.000000 0.949805 0.183124 18.317921 0.000000 100.030021 
95500.000000 0.949809 0.183115 18.317246 0.000000 100.031162 
95600.000000 0.949780 0.183065 18.311843 0.000000 100.029090 
95700.000000 0.949764 0.182996 18.304765 0.000000 100.028161 
95800.000000 0.949740 0.182916 18.296389 0.000000 100.026315 
95900.000000 0.949750 0.182917 18.296332 0.000000 100.025516 
96000.000000 0.949735 0.182905 18.294985 0.000000 100.024396 
96100.000000 0.949721 0.182871 18.291409 0.000000 100.023496 
96200.000000 0.949708 0.182830 18.287283 0.000000 100.023586 
96300.000000 0.949704 0.182815 18.285666 0.000000 100.022804 
96400.000000 0.949706 0.182795 18.283555 0.000000 100.022189 
96500.000000 0.949716 0.182808 18.284814 0.000000 100.022083 
96600.000000 0.949721 0.182786 18.282734 0.000000 100.022598 
96700.000000 0.949716 0.182733 18.277125 0.000000 100.021107 
96800.000000 0.949713 0.182709 18.274725 0.000000 100.021147 
96900.000000 0.949705 0.182718 18.275481 0.000000 100.020413 
97000.000000 0.949689 0.182681 18.271447 0.000000 100.018155 
97100.000000 0.949691 0.182680 18.271272 0.000000 100.017981 
97200.000000 0.949687 0.182661 18.269224 0.000000 100.017346 
97300.000000 0.949691 0.182636 18.266611 0.000000 100.016639 
97400.000000 0.949690 0.182606 18.263621 0.000000 100.016283 
97500.000000 0.949667 0.182556 18.258364 0.000000 100.015303 
97600.000000 0.949671 0.182528 18.255426 0.000000 100.014488 
97700.000000 0.949648 0.182494 18.251853 0.000000 100.013265 
97800.000000 0.949626 0.182432 18.245128 0.000000 100.010583 
97900.000000 0.949621 0.182389 18.240880 0.000000 100.010827 
98000.000000 0.949623 0.182327 18.234773 0.000000 100.011235 
98100.000000 0.949608 0.182274 18.229167 0.000000 100.009898 
98200.000000 0.949601 0.182227 18.224639 0.000000 100.010438 
98300.000000 0.949623 0.182327 18.234868 0.000000 100.011994 
98400.000000 0.949620 0.182292 18.231536 0.000000 100.012632 
98500.000000 0.949618 0.182240 18.226280 0.000000 100.012619 
98600.000000 0.949618 0.182202 18.222258 0.000000 100.011308 
98700.000000 0.949635 0.182225 18.224619 0.000000 100.011773 
98800.000000 0.949658 0.182310 18.233307 0.000000 100.012895 
98900.000000 0.949655 0.182278 18.229864 0.000000 100.011517 
99000.000000 0.949681 0.182492 18.251509 0.000000 100.012606 
99100.000000 0.949670 0.182528 18.254865 0.000000 100.011251 
99200.000000 0.949679 0.182532 18.255403 0.000000 100.012117 
99300.000000 0.949713 0.182628 18.265592 0.000000 100.015065 
99400.000000 0.949699 0.182651 18.267677 0.000000 100.014185 
99500.000000 0.949717 0.182657 18.268578 0.000000 100.015789 
99600.000000 0.949746 0.183033 18.306547 0.000000 100.017851 
99700.000000 0.949762 0.183079 18.311298 0.000000 100.018816 
99800.000000 0.949777 0.183150 18.318653 0.000000 100.019719 
99900.000000 0.949784 0.183133 18.317068 0.000000 100.020711 
100000.000000 0.949783 0.183083 18.312285 0.000000 100.021810 
