100.000000 0.596644 0.014534 1.438551 -0.000000 98.980000 
200.000000 0.599902 0.014697 1.463382 0.000000 99.570000 
300.000000 0.601896 0.014755 1.475489 0.000000 100.000000 
400.000000 0.603684 0.014740 1.475499 0.000000 100.105000 
500.000000 0.601592 0.014645 1.464046 0.000000 99.968000 
600.000000 0.599067 0.014517 1.448963 0.000000 99.810000 
700.000000 0.597709 0.014463 1.444681 0.000000 99.887143 
800.000000 0.597652 0.014467 1.444083 0.000000 99.821250 
900.000000 0.598320 0.014519 1.449652 0.000000 99.842222 
1000.000000 0.597727 0.014513 1.449303 -0.000000 99.863000 
1100.000000 0.597036 0.014484 1.444658 0.000000 99.740000 
1200.000000 0.597546 0.014545 1.451786 0.000000 99.810000 
1300.000000 0.597696 0.014562 1.452571 0.000000 99.747692 
1400.000000 0.597032 0.014529 1.449345 -0.000000 99.754286 
1500.000000 0.596360 0.014475 1.443372 0.000000 99.712000 
1600.000000 0.596379 0.014461 1.440827 0.000000 99.637500 
1700.000000 0.596047 0.014446 1.439559 0.000000 99.648235 
1800.000000 0.595295 0.014449 1.439193 0.000000 99.602778 
1900.000000 0.595401 0.014458 1.439907 -0.000000 99.590000 
2000.000000 0.595544 0.014472 1.441845 -0.000000 99.630500 
2100.000000 0.595610 0.014460 1.441042 0.000000 99.655714 
2200.000000 0.596020 0.014487 1.444106 0.000000 99.684545 
2300.000000 0.595872 0.014483 1.443352 0.000000 99.660000 
2400.000000 0.595912 0.014477 1.442809 0.000000 99.659583 
2500.000000 0.595768 0.014454 1.440149 0.000000 99.636400 
2600.000000 0.595644 0.014461 1.441056 -0.000000 99.651154 
2700.000000 0.595847 0.014473 1.442535 -0.000000 99.674074 
2800.000000 0.596111 0.014473 1.442640 -0.000000 99.678214 
2900.000000 0.596230 0.014471 1.442405 -0.000000 99.676207 
3000.000000 0.596154 0.014483 1.443810 -0.000000 99.693333 
3100.000000 0.596011 0.014470 1.442226 -0.000000 99.667419 
3200.000000 0.596328 0.014501 1.445320 -0.000000 99.669687 
3300.000000 0.596495 0.014506 1.445891 -0.000000 99.673939 
3400.000000 0.596643 0.014509 1.446464 -0.000000 99.697059 
3500.000000 0.596863 0.014524 1.447940 -0.000000 99.692286 
3600.000000 0.596996 0.014555 1.450817 -0.000000 99.676667 
3700.000000 0.596965 0.014554 1.450664 -0.000000 99.672973 
3800.000000 0.597048 0.014560 1.451316 -0.000000 99.681579 
3900.000000 0.597023 0.014544 1.449866 -0.000000 99.690769 
4000.000000 0.597030 0.014551 1.450629 -0.000000 99.693250 
4100.000000 0.597264 0.014564 1.452618 -0.000000 99.739756 
4200.000000 0.597437 0.014561 1.452631 -0.000000 99.763810 
4300.000000 0.597725 0.014574 1.454413 -0.000000 99.796279 
4400.000000 0.597849 0.014578 1.454750 -0.000000 99.792955 
4500.000000 0.597933 0.014588 1.456148 -0.000000 99.821333 
4600.000000 0.598094 0.014590 1.456758 -0.000000 99.844348 
4700.000000 0.598254 0.014599 1.457654 -0.000000 99.843830 
4800.000000 0.598177 0.014596 1.457091 0.000000 99.824792 
4900.000000 0.597889 0.014584 1.455320 0.000000 99.786735 
5000.000000 0.597961 0.014580 1.455313 0.000000 99.814800 
5100.000000 0.598291 0.014584 1.456079 0.000000 99.842353 
5200.000000 0.598261 0.014590 1.456624 0.000000 99.838462 
5300.000000 0.598193 0.014582 1.455745 0.000000 99.830189 
5400.000000 0.598329 0.014579 1.455664 0.000000 99.847037 
5500.000000 0.598446 0.014589 1.456840 0.000000 99.859091 
5600.000000 0.598425 0.014601 1.458469 0.000000 99.885714 
5700.000000 0.598585 0.014612 1.459739 0.000000 99.900702 
5800.000000 0.598341 0.014599 1.458317 0.000000 99.890690 
5900.000000 0.598200 0.014596 1.457617 0.000000 99.865763 
6000.000000 0.598289 0.014586 1.456780 0.000000 99.877833 
6100.000000 0.598518 0.014599 1.458432 0.000000 99.898197 
6200.000000 0.598512 0.014603 1.458773 0.000000 99.895806 
6300.000000 0.598647 0.014606 1.459327 0.000000 99.913810 
6400.000000 0.598814 0.014618 1.460920 0.000000 99.938281 
6500.000000 0.598732 0.014616 1.460479 0.000000 99.924154 
6600.000000 0.598704 0.014611 1.460256 0.000000 99.939697 
6700.000000 0.598758 0.014609 1.460411 0.000000 99.964179 
6800.000000 0.598743 0.014607 1.460037 0.000000 99.953676 
6900.000000 0.598783 0.014601 1.459445 0.000000 99.955652 
7000.000000 0.598664 0.014589 1.458079 0.000000 99.945000 
7100.000000 0.598575 0.014585 1.457642 0.000000 99.938873 
7200.000000 0.598689 0.014584 1.457917 0.000000 99.967361 
7300.000000 0.598652 0.014581 1.457695 0.000000 99.969315 
7400.000000 0.598653 0.014584 1.457769 0.000000 99.958378 
7500.000000 0.598802 0.014583 1.457770 0.000000 99.963467 
7600.000000 0.598607 0.014570 1.456164 0.000000 99.941579 
7700.000000 0.598570 0.014565 1.455455 0.000000 99.930649 
7800.000000 0.598664 0.014567 1.455652 -0.000000 99.930128 
7900.000000 0.598691 0.014562 1.455078 0.000000 99.925570 
8000.000000 0.598737 0.014570 1.455773 0.000000 99.916250 
8100.000000 0.598788 0.014573 1.456178 -0.000000 99.922346 
8200.000000 0.598812 0.014573 1.456055 -0.000000 99.914512 
8300.000000 0.598798 0.014575 1.456015 -0.000000 99.900964 
8400.000000 0.598827 0.014572 1.455746 -0.000000 99.902619 
8500.000000 0.598723 0.014566 1.455017 0.000000 99.891059 
8600.000000 0.598779 0.014569 1.455263 0.000000 99.888837 
8700.000000 0.598700 0.014565 1.454871 0.000000 99.887471 
8800.000000 0.598757 0.014569 1.455416 0.000000 99.897500 
8900.000000 0.598714 0.014565 1.454955 0.000000 99.893933 
9000.000000 0.598762 0.014566 1.455086 -0.000000 99.895222 
9100.000000 0.598707 0.014570 1.455468 0.000000 99.894615 
9200.000000 0.598809 0.014567 1.455253 0.000000 99.901848 
9300.000000 0.598900 0.014582 1.456969 0.000000 99.918602 
9400.000000 0.598921 0.014578 1.456577 -0.000000 99.915638 
9500.000000 0.598889 0.014571 1.455932 -0.000000 99.917263 
9600.000000 0.598843 0.014570 1.455674 0.000000 99.910938 
9700.000000 0.598935 0.014569 1.455772 0.000000 99.919485 
9800.000000 0.598947 0.014568 1.455794 0.000000 99.933061 
9900.000000 0.599071 0.014572 1.456494 0.000000 99.952323 
10000.000000 0.599119 0.014570 1.456341 0.000000 99.951800 
10100.000000 0.598959 0.014565 1.455664 0.000000 99.940396 
10200.000000 0.598883 0.014559 1.454883 0.000000 99.932157 
10300.000000 0.599003 0.014561 1.455307 0.000000 99.946214 
10400.000000 0.598953 0.014557 1.454867 0.000000 99.941442 
10500.000000 0.599094 0.014563 1.455575 0.000000 99.947714 
10600.000000 0.599138 0.014568 1.455986 -0.000000 99.945189 
10700.000000 0.599209 0.014578 1.457296 -0.000000 99.963178 
10800.000000 0.599161 0.014579 1.457154 -0.000000 99.951759 
10900.000000 0.599184 0.014578 1.457279 -0.000000 99.965229 
11000.000000 0.599133 0.014576 1.456898 -0.000000 99.953455 
11100.000000 0.599063 0.014573 1.456481 -0.000000 99.940991 
11200.000000 0.599072 0.014574 1.456547 -0.000000 99.942411 
11300.000000 0.598942 0.014574 1.456369 -0.000000 99.932566 
11400.000000 0.598902 0.014575 1.456480 -0.000000 99.928684 
11500.000000 0.599003 0.014584 1.457472 -0.000000 99.936174 
11600.000000 0.599006 0.014586 1.457552 -0.000000 99.925345 
11700.000000 0.599061 0.014586 1.457605 -0.000000 99.929316 
11800.000000 0.599030 0.014589 1.457742 -0.000000 99.922288 
11900.000000 0.599039 0.014592 1.458067 -0.000000 99.923866 
12000.000000 0.599100 0.014594 1.458525 -0.000000 99.940917 
12100.000000 0.599104 0.014598 1.459124 -0.000000 99.951983 
12200.000000 0.599113 0.014598 1.459303 -0.000000 99.963115 
12300.000000 0.599077 0.014595 1.458862 -0.000000 99.958618 
12400.000000 0.599133 0.014594 1.458851 -0.000000 99.964435 
12500.000000 0.599137 0.014597 1.459199 -0.000000 99.967920 
12600.000000 0.599189 0.014602 1.459769 -0.000000 99.971032 
12700.000000 0.599269 0.014604 1.459997 -0.000000 99.972441 
12800.000000 0.599300 0.014604 1.459962 -0.000000 99.966641 
12900.000000 0.599339 0.014605 1.459975 -0.000000 99.967287 
13000.000000 0.599319 0.014601 1.459687 -0.000000 99.969769 
13100.000000 0.599263 0.014598 1.459212 -0.000000 99.962290 
13200.000000 0.599265 0.014598 1.459228 -0.000000 99.960758 
13300.000000 0.599240 0.014594 1.458889 -0.000000 99.964962 
13400.000000 0.599337 0.014592 1.458803 -0.000000 99.970821 
13500.000000 0.599407 0.014597 1.459390 0.000000 99.976741 
13600.000000 0.599341 0.014596 1.459245 -0.000000 99.972279 
13700.000000 0.599441 0.014605 1.460337 0.000000 99.988467 
13800.000000 0.599398 0.014603 1.460236 0.000000 99.993551 
13900.000000 0.599365 0.014602 1.459969 0.000000 99.987266 
14000.000000 0.599403 0.014606 1.460354 -0.000000 99.982857 
14100.000000 0.599379 0.014603 1.460035 -0.000000 99.978440 
14200.000000 0.599343 0.014605 1.460075 -0.000000 99.972606 
14300.000000 0.599346 0.014606 1.460084 -0.000000 99.966713 
14400.000000 0.599384 0.014605 1.460088 -0.000000 99.969444 
14500.000000 0.599410 0.014608 1.460475 -0.000000 99.980690 
14600.000000 0.599524 0.014612 1.461206 -0.000000 100.000685 
14700.000000 0.599535 0.014614 1.461335 -0.000000 99.998639 
14800.000000 0.599497 0.014610 1.461129 -0.000000 100.007905 
14900.000000 0.599564 0.014614 1.461760 -0.000000 100.023423 
15000.000000 0.599587 0.014619 1.462175 -0.000000 100.019000 
15100.000000 0.599589 0.014617 1.461997 -0.000000 100.019934 
15200.000000 0.599532 0.014615 1.461817 -0.000000 100.021053 
15300.000000 0.599564 0.014615 1.461846 -0.000000 100.024706 
15400.000000 0.599505 0.014611 1.461460 -0.000000 100.024091 
15500.000000 0.599543 0.014618 1.462108 -0.000000 100.022710 
15600.000000 0.599547 0.014615 1.461884 -0.000000 100.027821 
15700.000000 0.599555 0.014614 1.461848 -0.000000 100.029172 
15800.000000 0.599557 0.014613 1.461770 -0.000000 100.035570 
15900.000000 0.599505 0.014615 1.461872 -0.000000 100.028742 
16000.000000 0.599547 0.014616 1.462078 -0.000000 100.035313 
16100.000000 0.599533 0.014615 1.462060 -0.000000 100.038199 
16200.000000 0.599545 0.014618 1.462332 -0.000000 100.034691 
16300.000000 0.599538 0.014623 1.462776 -0.000000 100.032822 
16400.000000 0.599496 0.014623 1.462757 -0.000000 100.030915 
16500.000000 0.599583 0.014629 1.463422 -0.000000 100.034545 
16600.000000 0.599542 0.014627 1.463128 -0.000000 100.026506 
16700.000000 0.599579 0.014630 1.463545 -0.000000 100.038323 
16800.000000 0.599501 0.014628 1.463379 -0.000000 100.039821 
16900.000000 0.599505 0.014628 1.463327 -0.000000 100.038462 
17000.000000 0.599442 0.014626 1.463103 -0.000000 100.031706 
17100.000000 0.599481 0.014629 1.463339 -0.000000 100.032398 
17200.000000 0.599508 0.014626 1.463038 -0.000000 100.033314 
17300.000000 0.599577 0.014634 1.463980 -0.000000 100.042428 
17400.000000 0.599626 0.014643 1.465004 -0.000000 100.046954 
17500.000000 0.599667 0.014644 1.465099 -0.000000 100.044571 
17600.000000 0.599795 0.014651 1.465902 -0.000000 100.051591 
17700.000000 0.599849 0.014653 1.466176 -0.000000 100.061808 
17800.000000 0.599788 0.014652 1.465889 -0.000000 100.049775 
17900.000000 0.599772 0.014650 1.465765 -0.000000 100.051508 
18000.000000 0.599742 0.014649 1.465715 -0.000000 100.053111 
18100.000000 0.599773 0.014651 1.465968 -0.000000 100.059392 
18200.000000 0.599853 0.014657 1.466625 -0.000000 100.063187 
18300.000000 0.599887 0.014657 1.466696 -0.000000 100.068197 
18400.000000 0.599851 0.014655 1.466440 -0.000000 100.067500 
18500.000000 0.599867 0.014653 1.466288 -0.000000 100.070000 
18600.000000 0.599853 0.014653 1.466357 -0.000000 100.070645 
18700.000000 0.599850 0.014653 1.466296 -0.000000 100.068075 
18800.000000 0.599830 0.014648 1.465950 -0.000000 100.075745 
18900.000000 0.599857 0.014652 1.466303 -0.000000 100.073333 
19000.000000 0.599874 0.014653 1.466304 -0.000000 100.069421 
19100.000000 0.599918 0.014655 1.466545 -0.000000 100.074712 
19200.000000 0.599909 0.014654 1.466428 -0.000000 100.070156 
19300.000000 0.599948 0.014657 1.466794 0.000000 100.076839 
19400.000000 0.599893 0.014657 1.466719 0.000000 100.071907 
19500.000000 0.599935 0.014658 1.466893 0.000000 100.072974 
19600.000000 0.599963 0.014660 1.467144 -0.000000 100.077500 
19700.000000 0.599890 0.014656 1.466727 -0.000000 100.073553 
19800.000000 0.599870 0.014654 1.466574 0.000000 100.080101 
19900.000000 0.599875 0.014654 1.466606 0.000000 100.081457 
20000.000000 0.599867 0.014657 1.466874 0.000000 100.081350 
20100.000000 0.599890 0.014660 1.467289 0.000000 100.085672 
20200.000000 0.599876 0.014660 1.467248 0.000000 100.086089 
20300.000000 0.599799 0.014657 1.466839 0.000000 100.077833 
20400.000000 0.599758 0.014658 1.466788 0.000000 100.068725 
20500.000000 0.599694 0.014657 1.466624 0.000000 100.060439 
20600.000000 0.599721 0.014656 1.466533 0.000000 100.062961 
20700.000000 0.599703 0.014655 1.466415 0.000000 100.059179 
20800.000000 0.599715 0.014654 1.466296 0.000000 100.064423 
20900.000000 0.599755 0.014654 1.466337 0.000000 100.066986 
21000.000000 0.599769 0.014655 1.466497 0.000000 100.065048 
21100.000000 0.599771 0.014655 1.466392 0.000000 100.061517 
21200.000000 0.599763 0.014655 1.466341 0.000000 100.059858 
21300.000000 0.599740 0.014654 1.466299 0.000000 100.059437 
21400.000000 0.599768 0.014655 1.466472 0.000000 100.063551 
21500.000000 0.599797 0.014658 1.466807 0.000000 100.065488 
21600.000000 0.599825 0.014657 1.466841 0.000000 100.075139 
21700.000000 0.599800 0.014654 1.466591 0.000000 100.079493 
21800.000000 0.599834 0.014659 1.467174 0.000000 100.085092 
21900.000000 0.599810 0.014657 1.467006 0.000000 100.087900 
22000.000000 0.599764 0.014654 1.466694 0.000000 100.087818 
22100.000000 0.599783 0.014656 1.466890 0.000000 100.089367 
22200.000000 0.599777 0.014656 1.466848 0.000000 100.086622 
22300.000000 0.599783 0.014659 1.467083 0.000000 100.084081 
22400.000000 0.599794 0.014659 1.467117 0.000000 100.082813 
22500.000000 0.599781 0.014661 1.467237 0.000000 100.080933 
22600.000000 0.599750 0.014663 1.467391 0.000000 100.076681 
22700.000000 0.599709 0.014662 1.467245 0.000000 100.073656 
22800.000000 0.599680 0.014661 1.467090 0.000000 100.066491 
22900.000000 0.599660 0.014663 1.467160 0.000000 100.060568 
23000.000000 0.599652 0.014665 1.467435 0.000000 100.062348 
23100.000000 0.599688 0.014671 1.468031 0.000000 100.064675 
23200.000000 0.599627 0.014671 1.467939 0.000000 100.057500 
23300.000000 0.599651 0.014673 1.468283 0.000000 100.065150 
23400.000000 0.599561 0.014668 1.467675 0.000000 100.057906 
23500.000000 0.599620 0.014674 1.468343 0.000000 100.063021 
23600.000000 0.599600 0.014674 1.468293 0.000000 100.060763 
23700.000000 0.599592 0.014674 1.468384 0.000000 100.064557 
23800.000000 0.599643 0.014678 1.468745 0.000000 100.066092 
23900.000000 0.599619 0.014677 1.468677 0.000000 100.069791 
24000.000000 0.599605 0.014677 1.468707 0.000000 100.068750 
24100.000000 0.599629 0.014676 1.468732 0.000000 100.073900 
24200.000000 0.599590 0.014676 1.468628 0.000000 100.067355 
24300.000000 0.599628 0.014677 1.468755 0.000000 100.071111 
24400.000000 0.599637 0.014677 1.468734 0.000000 100.072213 
24500.000000 0.599681 0.014678 1.469029 0.000000 100.080776 
24600.000000 0.599626 0.014675 1.468616 0.000000 100.078496 
24700.000000 0.599621 0.014674 1.468510 0.000000 100.074008 
24800.000000 0.599615 0.014671 1.468227 0.000000 100.075363 
24900.000000 0.599638 0.014671 1.468273 0.000000 100.079639 
25000.000000 0.599640 0.014673 1.468403 0.000000 100.078440 
25100.000000 0.599648 0.014676 1.468728 0.000000 100.074622 
25200.000000 0.599618 0.014677 1.468705 0.000000 100.069286 
25300.000000 0.599587 0.014676 1.468527 0.000000 100.066403 
25400.000000 0.599576 0.014676 1.468619 0.000000 100.066339 
25500.000000 0.599547 0.014674 1.468275 0.000000 100.060627 
25600.000000 0.599483 0.014672 1.468035 0.000000 100.056563 
25700.000000 0.599511 0.014672 1.468079 0.000000 100.062062 
25800.000000 0.599489 0.014671 1.468004 0.000000 100.059380 
25900.000000 0.599454 0.014671 1.467954 0.000000 100.055946 
26000.000000 0.599442 0.014670 1.467762 0.000000 100.054154 
26100.000000 0.599484 0.014670 1.467784 0.000000 100.056130 
26200.000000 0.599493 0.014672 1.468081 0.000000 100.058473 
26300.000000 0.599520 0.014671 1.467982 0.000000 100.057034 
26400.000000 0.599589 0.014674 1.468341 0.000000 100.061856 
26500.000000 0.599581 0.014674 1.468258 0.000000 100.060038 
26600.000000 0.599573 0.014675 1.468331 0.000000 100.057970 
26700.000000 0.599510 0.014672 1.467994 0.000000 100.053558 
26800.000000 0.599540 0.014673 1.468192 0.000000 100.057388 
26900.000000 0.599529 0.014672 1.468102 0.000000 100.059182 
27000.000000 0.599503 0.014673 1.468170 0.000000 100.056000 
27100.000000 0.599516 0.014674 1.468253 0.000000 100.058930 
27200.000000 0.599567 0.014675 1.468390 0.000000 100.062426 
27300.000000 0.599614 0.014679 1.468813 0.000000 100.061758 
27400.000000 0.599666 0.014681 1.469067 -0.000000 100.066861 
27500.000000 0.599647 0.014681 1.469022 -0.000000 100.065564 
27600.000000 0.599593 0.014681 1.468910 -0.000000 100.057572 
27700.000000 0.599584 0.014680 1.468835 -0.000000 100.055884 
27800.000000 0.599638 0.014683 1.469204 -0.000000 100.063129 
27900.000000 0.599625 0.014684 1.469233 -0.000000 100.055735 
28000.000000 0.599593 0.014681 1.468927 -0.000000 100.054750 
28100.000000 0.599586 0.014681 1.468863 -0.000000 100.053523 
28200.000000 0.599573 0.014680 1.468780 -0.000000 100.050142 
28300.000000 0.599571 0.014679 1.468611 -0.000000 100.050495 
28400.000000 0.599523 0.014674 1.468141 -0.000000 100.047359 
28500.000000 0.599504 0.014674 1.468080 -0.000000 100.048912 
28600.000000 0.599510 0.014674 1.468115 -0.000000 100.050175 
28700.000000 0.599538 0.014676 1.468317 -0.000000 100.050209 
28800.000000 0.599541 0.014677 1.468410 -0.000000 100.046424 
28900.000000 0.599523 0.014677 1.468288 -0.000000 100.043426 
29000.000000 0.599517 0.014678 1.468336 -0.000000 100.039310 
29100.000000 0.599495 0.014677 1.468167 -0.000000 100.034089 
29200.000000 0.599424 0.014675 1.467835 -0.000000 100.026233 
29300.000000 0.599413 0.014674 1.467766 -0.000000 100.026382 
29400.000000 0.599368 0.014672 1.467518 -0.000000 100.020850 
29500.000000 0.599378 0.014671 1.467501 -0.000000 100.025695 
29600.000000 0.599379 0.014668 1.467226 -0.000000 100.026419 
29700.000000 0.599355 0.014667 1.467128 -0.000000 100.025892 
29800.000000 0.599368 0.014669 1.467329 -0.000000 100.029597 
29900.000000 0.599378 0.014668 1.467268 -0.000000 100.031137 
30000.000000 0.599391 0.014669 1.467345 -0.000000 100.030633 
30100.000000 0.599344 0.014668 1.467230 -0.000000 100.029269 
30200.000000 0.599381 0.014673 1.467684 -0.000000 100.028675 
30300.000000 0.599378 0.014672 1.467611 -0.000000 100.029175 
30400.000000 0.599342 0.014672 1.467567 -0.000000 100.025658 
30500.000000 0.599289 0.014668 1.467117 -0.000000 100.023082 
30600.000000 0.599287 0.014667 1.467097 -0.000000 100.023954 
30700.000000 0.599338 0.014670 1.467342 -0.000000 100.025635 
30800.000000 0.599325 0.014669 1.467220 -0.000000 100.021429 
30900.000000 0.599322 0.014669 1.467237 -0.000000 100.019871 
31000.000000 0.599303 0.014669 1.467186 -0.000000 100.020290 
31100.000000 0.599296 0.014669 1.467169 -0.000000 100.020322 
31200.000000 0.599252 0.014666 1.466791 -0.000000 100.012981 
31300.000000 0.599275 0.014667 1.466840 -0.000000 100.010927 
31400.000000 0.599269 0.014666 1.466752 -0.000000 100.012516 
31500.000000 0.599254 0.014665 1.466631 -0.000000 100.009905 
31600.000000 0.599252 0.014664 1.466522 -0.000000 100.010443 
31700.000000 0.599274 0.014664 1.466595 -0.000000 100.011451 
31800.000000 0.599281 0.014665 1.466615 -0.000000 100.009151 
31900.000000 0.599311 0.014668 1.466944 -0.000000 100.013135 
32000.000000 0.599295 0.014667 1.466904 -0.000000 100.015094 
32100.000000 0.599304 0.014666 1.466808 -0.000000 100.017196 
32200.000000 0.599282 0.014665 1.466693 -0.000000 100.013261 
32300.000000 0.599260 0.014662 1.466371 -0.000000 100.013096 
32400.000000 0.599251 0.014660 1.466196 -0.000000 100.010586 
32500.000000 0.599253 0.014660 1.466172 -0.000000 100.009538 
32600.000000 0.599272 0.014661 1.466256 -0.000000 100.008804 
32700.000000 0.599268 0.014660 1.466099 -0.000000 100.006911 
32800.000000 0.599242 0.014661 1.466136 -0.000000 100.005640 
32900.000000 0.599237 0.014658 1.465892 -0.000000 100.004863 
33000.000000 0.599254 0.014660 1.466054 -0.000000 100.003545 
33100.000000 0.599221 0.014660 1.466000 -0.000000 99.999758 
33200.000000 0.599219 0.014660 1.466058 -0.000000 100.001114 
33300.000000 0.599239 0.014662 1.466291 -0.000000 100.003423 
33400.000000 0.599211 0.014663 1.466264 -0.000000 99.996317 
33500.000000 0.599214 0.014664 1.466267 -0.000000 99.992627 
33600.000000 0.599187 0.014665 1.466302 -0.000000 99.986488 
33700.000000 0.599184 0.014668 1.466614 -0.000000 99.987270 
33800.000000 0.599210 0.014670 1.466825 -0.000000 99.989438 
33900.000000 0.599207 0.014670 1.466851 -0.000000 99.987935 
34000.000000 0.599176 0.014668 1.466675 -0.000000 99.989029 
34100.000000 0.599182 0.014670 1.466832 -0.000000 99.989707 
34200.000000 0.599156 0.014668 1.466633 -0.000000 99.988333 
34300.000000 0.599144 0.014669 1.466678 -0.000000 99.986122 
34400.000000 0.599094 0.014668 1.466497 -0.000000 99.979913 
34500.000000 0.599114 0.014668 1.466561 -0.000000 99.982899 
34600.000000 0.599087 0.014669 1.466666 -0.000000 99.980809 
34700.000000 0.599107 0.014672 1.466896 -0.000000 99.982392 
34800.000000 0.599061 0.014671 1.466761 -0.000000 99.976925 
34900.000000 0.599079 0.014672 1.466876 -0.000000 99.977880 
35000.000000 0.599105 0.014676 1.467295 -0.000000 99.981714 
35100.000000 0.599072 0.014675 1.467120 -0.000000 99.975185 
35200.000000 0.599024 0.014672 1.466748 -0.000000 99.972017 
35300.000000 0.599064 0.014673 1.466943 -0.000000 99.974476 
35400.000000 0.599060 0.014673 1.466974 -0.000000 99.977910 
35500.000000 0.599088 0.014674 1.467086 -0.000000 99.978817 
35600.000000 0.599128 0.014677 1.467434 -0.000000 99.979747 
35700.000000 0.599122 0.014675 1.467211 -0.000000 99.979496 
35800.000000 0.599114 0.014675 1.467112 -0.000000 99.976313 
35900.000000 0.599109 0.014673 1.466992 -0.000000 99.975877 
36000.000000 0.599082 0.014673 1.466884 -0.000000 99.974806 
36100.000000 0.599054 0.014671 1.466708 -0.000000 99.971634 
36200.000000 0.599038 0.014673 1.466787 -0.000000 99.967707 
36300.000000 0.599017 0.014673 1.466777 -0.000000 99.966143 
36400.000000 0.599022 0.014674 1.466881 -0.000000 99.966291 
36500.000000 0.598986 0.014671 1.466516 -0.000000 99.963479 
36600.000000 0.599015 0.014670 1.466518 -0.000000 99.966858 
36700.000000 0.599033 0.014671 1.466600 -0.000000 99.968147 
36800.000000 0.599043 0.014672 1.466707 -0.000000 99.969321 
36900.000000 0.599037 0.014671 1.466639 -0.000000 99.968266 
37000.000000 0.599037 0.014670 1.466542 -0.000000 99.966243 
37100.000000 0.599039 0.014668 1.466322 -0.000000 99.967978 
37200.000000 0.598979 0.014665 1.465963 -0.000000 99.961317 
37300.000000 0.598989 0.014665 1.465939 -0.000000 99.960590 
37400.000000 0.599032 0.014666 1.466120 -0.000000 99.964332 
37500.000000 0.599030 0.014666 1.466090 -0.000000 99.964427 
37600.000000 0.599030 0.014666 1.466026 -0.000000 99.962048 
37700.000000 0.599048 0.014667 1.466131 -0.000000 99.962493 
37800.000000 0.599011 0.014664 1.465777 -0.000000 99.956614 
37900.000000 0.599038 0.014666 1.465970 -0.000000 99.958760 
38000.000000 0.599054 0.014668 1.466191 -0.000000 99.960316 
38100.000000 0.599039 0.014667 1.466083 -0.000000 99.957717 
38200.000000 0.599036 0.014666 1.465966 -0.000000 99.956832 
38300.000000 0.599041 0.014665 1.465903 -0.000000 99.955927 
38400.000000 0.599063 0.014664 1.465829 -0.000000 99.957760 
38500.000000 0.599041 0.014662 1.465598 -0.000000 99.955792 
38600.000000 0.599043 0.014662 1.465587 -0.000000 99.955699 
38700.000000 0.599077 0.014663 1.465697 -0.000000 99.956253 
38800.000000 0.599089 0.014665 1.465877 -0.000000 99.956727 
38900.000000 0.599114 0.014666 1.465993 -0.000000 99.957866 
39000.000000 0.599109 0.014666 1.465883 -0.000000 99.953256 
39100.000000 0.599155 0.014667 1.466128 0.000000 99.958900 
39200.000000 0.599196 0.014669 1.466339 -0.000000 99.964770 
39300.000000 0.599156 0.014667 1.466067 -0.000000 99.958880 
39400.000000 0.599119 0.014666 1.465920 -0.000000 99.954086 
39500.000000 0.599109 0.014665 1.465833 -0.000000 99.953873 
39600.000000 0.599115 0.014665 1.465891 0.000000 99.956086 
39700.000000 0.599112 0.014667 1.466031 0.000000 99.953854 
39800.000000 0.599099 0.014667 1.465943 0.000000 99.951583 
39900.000000 0.599110 0.014666 1.465841 0.000000 99.950902 
40000.000000 0.599114 0.014667 1.465943 0.000000 99.951275 
40100.000000 0.599108 0.014668 1.466019 0.000000 99.949626 
40200.000000 0.599098 0.014666 1.465870 0.000000 99.950697 
40300.000000 0.599081 0.014665 1.465726 0.000000 99.949553 
40400.000000 0.599059 0.014664 1.465575 0.000000 99.946634 
40500.000000 0.599058 0.014664 1.465638 0.000000 99.948642 
40600.000000 0.599085 0.014664 1.465740 0.000000 99.951823 
40700.000000 0.599070 0.014663 1.465580 0.000000 99.950270 
40800.000000 0.599043 0.014663 1.465469 0.000000 99.945956 
40900.000000 0.599074 0.014664 1.465602 0.000000 99.948973 
41000.000000 0.599063 0.014661 1.465357 0.000000 99.946122 
41100.000000 0.599083 0.014662 1.465390 0.000000 99.945815 
41200.000000 0.599069 0.014662 1.465378 0.000000 99.944515 
41300.000000 0.599059 0.014661 1.465319 0.000000 99.944576 
41400.000000 0.599056 0.014660 1.465224 0.000000 99.944324 
41500.000000 0.599040 0.014659 1.465040 0.000000 99.941566 
41600.000000 0.599027 0.014657 1.464846 0.000000 99.939567 
41700.000000 0.599026 0.014658 1.464926 0.000000 99.938753 
41800.000000 0.599033 0.014658 1.464893 0.000000 99.941531 
41900.000000 0.599010 0.014657 1.464802 0.000000 99.939117 
42000.000000 0.599020 0.014657 1.464795 -0.000000 99.940452 
42100.000000 0.598989 0.014656 1.464704 -0.000000 99.936342 
42200.000000 0.598950 0.014653 1.464379 -0.000000 99.935545 
42300.000000 0.598957 0.014655 1.464579 0.000000 99.934846 
42400.000000 0.598955 0.014656 1.464612 -0.000000 99.935377 
42500.000000 0.598955 0.014655 1.464574 -0.000000 99.936212 
42600.000000 0.598944 0.014653 1.464339 -0.000000 99.933662 
42700.000000 0.598928 0.014654 1.464386 -0.000000 99.931616 
42800.000000 0.598949 0.014653 1.464314 -0.000000 99.933224 
42900.000000 0.598958 0.014653 1.464335 0.000000 99.932308 
43000.000000 0.598967 0.014655 1.464560 0.000000 99.933907 
43100.000000 0.598961 0.014654 1.464422 0.000000 99.933016 
43200.000000 0.598987 0.014655 1.464522 0.000000 99.935671 
43300.000000 0.598998 0.014656 1.464621 0.000000 99.936305 
43400.000000 0.598998 0.014657 1.464724 0.000000 99.934977 
43500.000000 0.599001 0.014657 1.464712 0.000000 99.934161 
43600.000000 0.598978 0.014655 1.464548 0.000000 99.933073 
43700.000000 0.598965 0.014654 1.464411 0.000000 99.932243 
43800.000000 0.598938 0.014653 1.464262 0.000000 99.926598 
43900.000000 0.598957 0.014654 1.464363 0.000000 99.930251 
44000.000000 0.598985 0.014655 1.464492 0.000000 99.933159 
44100.000000 0.598978 0.014654 1.464482 0.000000 99.934354 
44200.000000 0.599007 0.014655 1.464656 0.000000 99.940023 
44300.000000 0.599006 0.014657 1.464775 0.000000 99.940000 
44400.000000 0.599035 0.014657 1.464853 0.000000 99.940113 
44500.000000 0.599049 0.014659 1.465015 0.000000 99.941461 
44600.000000 0.599062 0.014659 1.465063 0.000000 99.941996 
44700.000000 0.599097 0.014661 1.465235 0.000000 99.943512 
44800.000000 0.599085 0.014661 1.465211 0.000000 99.942076 
44900.000000 0.599086 0.014660 1.465225 0.000000 99.943831 
45000.000000 0.599098 0.014663 1.465456 0.000000 99.944644 
45100.000000 0.599128 0.014664 1.465606 0.000000 99.946940 
45200.000000 0.599147 0.014665 1.465734 0.000000 99.949668 
45300.000000 0.599124 0.014664 1.465619 0.000000 99.949404 
45400.000000 0.599144 0.014665 1.465803 0.000000 99.950705 
45500.000000 0.599130 0.014665 1.465714 0.000000 99.948769 
45600.000000 0.599124 0.014666 1.465821 0.000000 99.944452 
45700.000000 0.599122 0.014666 1.465748 0.000000 99.945120 
45800.000000 0.599085 0.014664 1.465553 0.000000 99.942817 
45900.000000 0.599129 0.014666 1.465814 0.000000 99.949630 
46000.000000 0.599145 0.014668 1.466110 0.000000 99.951543 
46100.000000 0.599131 0.014667 1.465973 0.000000 99.951302 
46200.000000 0.599134 0.014667 1.465977 0.000000 99.951775 
46300.000000 0.599150 0.014666 1.465907 0.000000 99.953974 
46400.000000 0.599176 0.014667 1.466051 0.000000 99.955733 
46500.000000 0.599127 0.014665 1.465747 0.000000 99.951763 
46600.000000 0.599142 0.014666 1.465877 0.000000 99.949077 
46700.000000 0.599146 0.014665 1.465814 0.000000 99.951199 
46800.000000 0.599114 0.014664 1.465663 0.000000 99.948590 
46900.000000 0.599128 0.014665 1.465795 0.000000 99.948614 
47000.000000 0.599124 0.014666 1.465778 0.000000 99.945872 
47100.000000 0.599144 0.014666 1.465793 0.000000 99.946221 
47200.000000 0.599145 0.014666 1.465884 0.000000 99.948284 
47300.000000 0.599155 0.014669 1.466121 0.000000 99.950254 
47400.000000 0.599124 0.014667 1.465908 0.000000 99.947743 
47500.000000 0.599114 0.014667 1.465912 0.000000 99.946611 
47600.000000 0.599083 0.014666 1.465755 0.000000 99.943088 
47700.000000 0.599082 0.014667 1.465906 0.000000 99.942809 
47800.000000 0.599033 0.014665 1.465623 0.000000 99.938347 
47900.000000 0.599083 0.014667 1.465841 0.000000 99.942150 
48000.000000 0.599072 0.014666 1.465770 0.000000 99.940208 
48100.000000 0.599044 0.014666 1.465707 0.000000 99.937942 
48200.000000 0.599066 0.014667 1.465842 0.000000 99.938361 
48300.000000 0.599096 0.014668 1.465932 0.000000 99.939938 
48400.000000 0.599093 0.014668 1.465910 0.000000 99.936632 
48500.000000 0.599093 0.014668 1.465849 0.000000 99.936680 
48600.000000 0.599068 0.014666 1.465607 0.000000 99.933724 
48700.000000 0.599066 0.014666 1.465575 0.000000 99.932341 
48800.000000 0.599052 0.014665 1.465540 0.000000 99.932213 
48900.000000 0.599048 0.014665 1.465474 0.000000 99.930982 
49000.000000 0.599062 0.014664 1.465437 0.000000 99.932837 
49100.000000 0.599070 0.014663 1.465393 0.000000 99.936110 
49200.000000 0.599081 0.014664 1.465453 0.000000 99.937561 
49300.000000 0.599088 0.014665 1.465518 0.000000 99.934909 
49400.000000 0.599094 0.014664 1.465532 0.000000 99.938360 
49500.000000 0.599103 0.014664 1.465525 0.000000 99.937212 
49600.000000 0.599104 0.014664 1.465479 0.000000 99.936855 
49700.000000 0.599138 0.014666 1.465671 0.000000 99.939819 
49800.000000 0.599163 0.014666 1.465783 0.000000 99.943173 
49900.000000 0.599161 0.014667 1.465890 0.000000 99.942385 
50000.000000 0.599170 0.014667 1.465916 0.000000 99.945860 
50100.000000 0.599174 0.014667 1.465932 -0.000000 99.948882 
50200.000000 0.599196 0.014669 1.466183 0.000000 99.953526 
50300.000000 0.599178 0.014667 1.466048 0.000000 99.953340 
50400.000000 0.599167 0.014666 1.465950 -0.000000 99.952381 
50500.000000 0.599153 0.014666 1.465861 -0.000000 99.951782 
50600.000000 0.599158 0.014665 1.465848 0.000000 99.952648 
50700.000000 0.599173 0.014668 1.466071 0.000000 99.953333 
50800.000000 0.599177 0.014670 1.466281 0.000000 99.953150 
50900.000000 0.599164 0.014669 1.466197 0.000000 99.949293 
51000.000000 0.599173 0.014670 1.466216 -0.000000 99.947941 
51100.000000 0.599138 0.014668 1.466026 -0.000000 99.946634 
51200.000000 0.599134 0.014667 1.465851 -0.000000 99.945059 
51300.000000 0.599121 0.014665 1.465670 0.000000 99.946043 
51400.000000 0.599120 0.014664 1.465572 0.000000 99.946907 
51500.000000 0.599131 0.014664 1.465587 0.000000 99.947631 
51600.000000 0.599122 0.014664 1.465593 0.000000 99.948023 
51700.000000 0.599135 0.014664 1.465601 0.000000 99.948743 
51800.000000 0.599122 0.014664 1.465614 0.000000 99.947201 
51900.000000 0.599102 0.014664 1.465605 0.000000 99.942890 
52000.000000 0.599087 0.014664 1.465538 0.000000 99.939019 
52100.000000 0.599092 0.014664 1.465526 0.000000 99.938791 
52200.000000 0.599099 0.014664 1.465535 -0.000000 99.939042 
52300.000000 0.599110 0.014665 1.465599 -0.000000 99.941606 
52400.000000 0.599091 0.014664 1.465490 -0.000000 99.938950 
52500.000000 0.599115 0.014663 1.465508 -0.000000 99.942705 
52600.000000 0.599106 0.014663 1.465431 0.000000 99.941103 
52700.000000 0.599093 0.014662 1.465344 -0.000000 99.939620 
52800.000000 0.599101 0.014662 1.465358 -0.000000 99.939413 
52900.000000 0.599107 0.014662 1.465349 -0.000000 99.941512 
53000.000000 0.599099 0.014662 1.465328 -0.000000 99.940925 
53100.000000 0.599111 0.014663 1.465466 0.000000 99.942674 
53200.000000 0.599094 0.014662 1.465384 0.000000 99.944117 
53300.000000 0.599108 0.014661 1.465323 0.000000 99.943771 
53400.000000 0.599115 0.014663 1.465468 0.000000 99.943558 
53500.000000 0.599122 0.014663 1.465443 0.000000 99.942523 
53600.000000 0.599136 0.014664 1.465516 -0.000000 99.942052 
53700.000000 0.599151 0.014664 1.465516 -0.000000 99.941136 
53800.000000 0.599122 0.014662 1.465322 0.000000 99.937955 
53900.000000 0.599162 0.014665 1.465638 -0.000000 99.941577 
54000.000000 0.599168 0.014665 1.465635 -0.000000 99.942537 
54100.000000 0.599151 0.014664 1.465590 0.000000 99.943235 
54200.000000 0.599148 0.014665 1.465659 0.000000 99.942675 
54300.000000 0.599139 0.014664 1.465577 -0.000000 99.941160 
54400.000000 0.599169 0.014666 1.465763 -0.000000 99.942592 
54500.000000 0.599129 0.014665 1.465593 -0.000000 99.939523 
54600.000000 0.599152 0.014665 1.465643 -0.000000 99.942015 
54700.000000 0.599144 0.014664 1.465507 -0.000000 99.941115 
54800.000000 0.599149 0.014664 1.465473 -0.000000 99.939982 
54900.000000 0.599151 0.014664 1.465493 -0.000000 99.941002 
55000.000000 0.599174 0.014666 1.465739 -0.000000 99.944018 
55100.000000 0.599179 0.014666 1.465784 -0.000000 99.942740 
55200.000000 0.599191 0.014666 1.465816 -0.000000 99.946196 
55300.000000 0.599203 0.014668 1.465977 -0.000000 99.946890 
55400.000000 0.599195 0.014668 1.466041 -0.000000 99.946913 
55500.000000 0.599208 0.014669 1.466106 0.000000 99.947117 
55600.000000 0.599197 0.014667 1.465958 0.000000 99.946169 
55700.000000 0.599180 0.014666 1.465809 0.000000 99.944847 
55800.000000 0.599187 0.014666 1.465857 0.000000 99.947957 
55900.000000 0.599176 0.014664 1.465669 0.000000 99.947263 
56000.000000 0.599187 0.014665 1.465776 0.000000 99.948214 
56100.000000 0.599194 0.014665 1.465746 0.000000 99.949679 
56200.000000 0.599198 0.014665 1.465736 0.000000 99.950089 
56300.000000 0.599195 0.014665 1.465704 0.000000 99.948615 
56400.000000 0.599201 0.014664 1.465675 0.000000 99.949273 
56500.000000 0.599183 0.014664 1.465616 0.000000 99.946425 
56600.000000 0.599188 0.014664 1.465624 0.000000 99.947986 
56700.000000 0.599191 0.014663 1.465531 0.000000 99.946473 
56800.000000 0.599197 0.014663 1.465549 0.000000 99.947183 
56900.000000 0.599218 0.014665 1.465721 0.000000 99.948541 
57000.000000 0.599221 0.014665 1.465785 0.000000 99.948965 
57100.000000 0.599223 0.014665 1.465715 0.000000 99.949212 
57200.000000 0.599220 0.014664 1.465662 0.000000 99.946923 
57300.000000 0.599218 0.014664 1.465583 0.000000 99.945899 
57400.000000 0.599202 0.014663 1.465489 0.000000 99.945296 
57500.000000 0.599191 0.014663 1.465475 0.000000 99.943913 
57600.000000 0.599172 0.014662 1.465354 0.000000 99.943785 
57700.000000 0.599188 0.014662 1.465414 -0.000000 99.944558 
57800.000000 0.599200 0.014662 1.465427 -0.000000 99.944965 
57900.000000 0.599186 0.014662 1.465363 -0.000000 99.944093 
58000.000000 0.599178 0.014662 1.465323 -0.000000 99.942776 
58100.000000 0.599163 0.014660 1.465159 -0.000000 99.940688 
58200.000000 0.599156 0.014661 1.465168 -0.000000 99.939656 
58300.000000 0.599174 0.014661 1.465218 -0.000000 99.939623 
58400.000000 0.599171 0.014661 1.465177 -0.000000 99.939144 
58500.000000 0.599184 0.014661 1.465158 -0.000000 99.938598 
58600.000000 0.599166 0.014660 1.465102 -0.000000 99.939078 
58700.000000 0.599176 0.014660 1.465184 -0.000000 99.941193 
58800.000000 0.599176 0.014660 1.465198 -0.000000 99.942500 
58900.000000 0.599199 0.014662 1.465354 -0.000000 99.944380 
59000.000000 0.599181 0.014661 1.465274 -0.000000 99.942288 
59100.000000 0.599178 0.014661 1.465264 -0.000000 99.942944 
59200.000000 0.599200 0.014662 1.465389 -0.000000 99.945997 
59300.000000 0.599201 0.014662 1.465382 -0.000000 99.946391 
59400.000000 0.599210 0.014663 1.465446 -0.000000 99.943939 
59500.000000 0.599188 0.014662 1.465341 -0.000000 99.942336 
59600.000000 0.599198 0.014663 1.465492 -0.000000 99.943607 
59700.000000 0.599194 0.014663 1.465478 -0.000000 99.944740 
59800.000000 0.599199 0.014663 1.465480 -0.000000 99.945435 
59900.000000 0.599200 0.014662 1.465413 -0.000000 99.943806 
60000.000000 0.599208 0.014662 1.465416 -0.000000 99.943883 
60100.000000 0.599212 0.014662 1.465418 -0.000000 99.944443 
60200.000000 0.599232 0.014662 1.465428 -0.000000 99.945249 
60300.000000 0.599205 0.014661 1.465276 -0.000000 99.943201 
60400.000000 0.599224 0.014662 1.465356 -0.000000 99.942947 
60500.000000 0.599226 0.014662 1.465339 -0.000000 99.942050 
60600.000000 0.599208 0.014661 1.465244 -0.000000 99.940710 
60700.000000 0.599228 0.014662 1.465301 -0.000000 99.941895 
60800.000000 0.599214 0.014661 1.465281 -0.000000 99.940888 
60900.000000 0.599223 0.014663 1.465412 -0.000000 99.941100 
61000.000000 0.599227 0.014663 1.465413 -0.000000 99.942475 
61100.000000 0.599228 0.014662 1.465340 -0.000000 99.943306 
61200.000000 0.599236 0.014663 1.465467 -0.000000 99.944412 
61300.000000 0.599235 0.014663 1.465476 -0.000000 99.944421 
61400.000000 0.599243 0.014663 1.465534 -0.000000 99.945749 
61500.000000 0.599229 0.014663 1.465502 -0.000000 99.943967 
61600.000000 0.599220 0.014664 1.465549 -0.000000 99.943977 
61700.000000 0.599237 0.014665 1.465677 -0.000000 99.945154 
61800.000000 0.599261 0.014665 1.465749 -0.000000 99.946489 
61900.000000 0.599236 0.014664 1.465605 -0.000000 99.943732 
62000.000000 0.599224 0.014663 1.465500 -0.000000 99.944355 
62100.000000 0.599251 0.014664 1.465601 -0.000000 99.945894 
62200.000000 0.599267 0.014664 1.465639 -0.000000 99.945161 
62300.000000 0.599274 0.014665 1.465672 -0.000000 99.945634 
62400.000000 0.599272 0.014665 1.465676 -0.000000 99.945689 
62500.000000 0.599266 0.014664 1.465592 -0.000000 99.946272 
62600.000000 0.599281 0.014664 1.465630 -0.000000 99.949073 
62700.000000 0.599281 0.014665 1.465706 -0.000000 99.949171 
62800.000000 0.599294 0.014664 1.465721 -0.000000 99.951561 
62900.000000 0.599286 0.014664 1.465676 -0.000000 99.951240 
63000.000000 0.599310 0.014665 1.465830 -0.000000 99.953460 
63100.000000 0.599326 0.014665 1.465875 -0.000000 99.955959 
63200.000000 0.599327 0.014666 1.465910 -0.000000 99.956155 
63300.000000 0.599354 0.014667 1.466086 -0.000000 99.956983 
63400.000000 0.599364 0.014668 1.466160 -0.000000 99.959243 
63500.000000 0.599368 0.014668 1.466181 -0.000000 99.959717 
63600.000000 0.599389 0.014669 1.466300 -0.000000 99.961730 
63700.000000 0.599396 0.014670 1.466415 -0.000000 99.963469 
63800.000000 0.599402 0.014669 1.466399 -0.000000 99.964357 
63900.000000 0.599415 0.014669 1.466432 -0.000000 99.966526 
64000.000000 0.599421 0.014670 1.466522 -0.000000 99.969344 
64100.000000 0.599418 0.014669 1.466422 -0.000000 99.969532 
64200.000000 0.599422 0.014669 1.466450 -0.000000 99.968069 
64300.000000 0.599442 0.014670 1.466519 -0.000000 99.970109 
64400.000000 0.599443 0.014670 1.466557 -0.000000 99.969922 
64500.000000 0.599442 0.014670 1.466565 -0.000000 99.972388 
64600.000000 0.599449 0.014670 1.466559 -0.000000 99.972693 
64700.000000 0.599453 0.014670 1.466598 -0.000000 99.972318 
64800.000000 0.599450 0.014669 1.466536 -0.000000 99.972886 
64900.000000 0.599469 0.014670 1.466616 -0.000000 99.973482 
65000.000000 0.599466 0.014670 1.466624 -0.000000 99.973938 
65100.000000 0.599473 0.014671 1.466696 -0.000000 99.973978 
65200.000000 0.599472 0.014671 1.466740 -0.000000 99.973267 
65300.000000 0.599459 0.014670 1.466618 -0.000000 99.972496 
65400.000000 0.599447 0.014670 1.466576 -0.000000 99.971315 
65500.000000 0.599433 0.014669 1.466473 -0.000000 99.970305 
65600.000000 0.599425 0.014668 1.466364 -0.000000 99.969375 
65700.000000 0.599428 0.014669 1.466445 -0.000000 99.970898 
65800.000000 0.599431 0.014669 1.466490 -0.000000 99.972097 
65900.000000 0.599429 0.014668 1.466422 -0.000000 99.972398 
66000.000000 0.599455 0.014670 1.466642 -0.000000 99.975803 
66100.000000 0.599468 0.014670 1.466737 -0.000000 99.979561 
66200.000000 0.599462 0.014670 1.466699 -0.000000 99.979849 
66300.000000 0.599476 0.014670 1.466769 -0.000000 99.981478 
66400.000000 0.599479 0.014671 1.466851 -0.000000 99.982199 
66500.000000 0.599448 0.014670 1.466679 -0.000000 99.980737 
66600.000000 0.599450 0.014670 1.466688 -0.000000 99.981622 
66700.000000 0.599464 0.014670 1.466727 -0.000000 99.981634 
66800.000000 0.599462 0.014670 1.466733 -0.000000 99.980135 
66900.000000 0.599464 0.014670 1.466745 -0.000000 99.979611 
67000.000000 0.599464 0.014671 1.466846 -0.000000 99.980567 
67100.000000 0.599464 0.014670 1.466731 -0.000000 99.980879 
67200.000000 0.599465 0.014669 1.466668 -0.000000 99.982649 
67300.000000 0.599456 0.014668 1.466536 -0.000000 99.980684 
67400.000000 0.599477 0.014670 1.466707 -0.000000 99.983131 
67500.000000 0.599497 0.014670 1.466804 -0.000000 99.984830 
67600.000000 0.599499 0.014670 1.466785 -0.000000 99.986834 
67700.000000 0.599505 0.014670 1.466845 -0.000000 99.987430 
67800.000000 0.599489 0.014670 1.466755 -0.000000 99.984838 
67900.000000 0.599481 0.014669 1.466685 -0.000000 99.983270 
68000.000000 0.599516 0.014671 1.466876 -0.000000 99.986353 
68100.000000 0.599523 0.014670 1.466796 -0.000000 99.988532 
68200.000000 0.599529 0.014670 1.466866 -0.000000 99.989018 
68300.000000 0.599523 0.014670 1.466865 -0.000000 99.989004 
68400.000000 0.599506 0.014669 1.466747 -0.000000 99.987295 
68500.000000 0.599509 0.014671 1.466875 -0.000000 99.986920 
68600.000000 0.599502 0.014671 1.466844 -0.000000 99.985641 
68700.000000 0.599509 0.014670 1.466745 -0.000000 99.984891 
68800.000000 0.599503 0.014669 1.466698 -0.000000 99.983227 
68900.000000 0.599514 0.014670 1.466767 -0.000000 99.985791 
69000.000000 0.599520 0.014670 1.466843 -0.000000 99.986101 
69100.000000 0.599522 0.014670 1.466794 -0.000000 99.987077 
69200.000000 0.599509 0.014669 1.466710 -0.000000 99.984509 
69300.000000 0.599527 0.014670 1.466804 -0.000000 99.985123 
69400.000000 0.599524 0.014670 1.466744 -0.000000 99.985879 
69500.000000 0.599532 0.014670 1.466824 -0.000000 99.986705 
69600.000000 0.599512 0.014669 1.466694 -0.000000 99.984655 
69700.000000 0.599511 0.014669 1.466700 -0.000000 99.984950 
69800.000000 0.599520 0.014669 1.466719 -0.000000 99.985917 
69900.000000 0.599511 0.014669 1.466685 -0.000000 99.984535 
70000.000000 0.599508 0.014669 1.466710 -0.000000 99.985000 
70100.000000 0.599523 0.014670 1.466826 -0.000000 99.985963 
70200.000000 0.599530 0.014670 1.466847 -0.000000 99.987877 
70300.000000 0.599526 0.014670 1.466776 -0.000000 99.988080 
70400.000000 0.599525 0.014670 1.466792 -0.000000 99.988707 
70500.000000 0.599526 0.014670 1.466810 -0.000000 99.988454 
70600.000000 0.599544 0.014670 1.466832 -0.000000 99.990595 
70700.000000 0.599534 0.014669 1.466769 -0.000000 99.989095 
70800.000000 0.599523 0.014669 1.466724 -0.000000 99.988757 
70900.000000 0.599511 0.014668 1.466637 -0.000000 99.986968 
71000.000000 0.599491 0.014667 1.466512 -0.000000 99.986380 
71100.000000 0.599487 0.014666 1.466399 -0.000000 99.984444 
71200.000000 0.599483 0.014665 1.466290 -0.000000 99.984761 
71300.000000 0.599474 0.014664 1.466210 -0.000000 99.984684 
71400.000000 0.599461 0.014663 1.466101 -0.000000 99.983263 
71500.000000 0.599456 0.014662 1.465958 -0.000000 99.983273 
71600.000000 0.599453 0.014662 1.465966 -0.000000 99.983701 
71700.000000 0.599448 0.014662 1.465979 -0.000000 99.981576 
71800.000000 0.599433 0.014662 1.465858 -0.000000 99.979387 
71900.000000 0.599421 0.014661 1.465737 -0.000000 99.977983 
72000.000000 0.599432 0.014661 1.465796 -0.000000 99.978431 
72100.000000 0.599434 0.014661 1.465783 -0.000000 99.978502 
72200.000000 0.599431 0.014661 1.465785 -0.000000 99.978116 
72300.000000 0.599389 0.014660 1.465659 -0.000000 99.974744 
72400.000000 0.599404 0.014661 1.465770 -0.000000 99.976381 
72500.000000 0.599389 0.014660 1.465657 -0.000000 99.974676 
72600.000000 0.599387 0.014660 1.465670 -0.000000 99.975000 
72700.000000 0.599390 0.014660 1.465679 -0.000000 99.975365 
72800.000000 0.599386 0.014660 1.465605 -0.000000 99.975687 
72900.000000 0.599377 0.014659 1.465567 -0.000000 99.975940 
73000.000000 0.599371 0.014659 1.465574 -0.000000 99.975137 
73100.000000 0.599369 0.014659 1.465518 -0.000000 99.974227 
73200.000000 0.599381 0.014659 1.465538 -0.000000 99.974945 
73300.000000 0.599395 0.014659 1.465574 -0.000000 99.976658 
73400.000000 0.599370 0.014658 1.465399 -0.000000 99.973447 
73500.000000 0.599350 0.014656 1.465239 -0.000000 99.972721 
73600.000000 0.599366 0.014658 1.465396 -0.000000 99.974158 
73700.000000 0.599369 0.014658 1.465438 -0.000000 99.974274 
73800.000000 0.599356 0.014657 1.465316 -0.000000 99.974011 
73900.000000 0.599349 0.014657 1.465289 -0.000000 99.971732 
74000.000000 0.599353 0.014657 1.465299 -0.000000 99.971108 
74100.000000 0.599356 0.014656 1.465237 -0.000000 99.972092 
74200.000000 0.599350 0.014656 1.465171 -0.000000 99.971253 
74300.000000 0.599361 0.014656 1.465211 -0.000000 99.972396 
74400.000000 0.599362 0.014656 1.465197 -0.000000 99.973280 
74500.000000 0.599371 0.014656 1.465213 -0.000000 99.974564 
74600.000000 0.599375 0.014656 1.465198 -0.000000 99.973539 
74700.000000 0.599379 0.014656 1.465245 -0.000000 99.974806 
74800.000000 0.599381 0.014656 1.465168 -0.000000 99.973529 
74900.000000 0.599374 0.014655 1.465112 -0.000000 99.973565 
75000.000000 0.599352 0.014654 1.464976 -0.000000 99.970053 
75100.000000 0.599361 0.014654 1.464981 -0.000000 99.969694 
75200.000000 0.599341 0.014654 1.464953 -0.000000 99.967620 
75300.000000 0.599336 0.014654 1.464932 -0.000000 99.967145 
75400.000000 0.599352 0.014655 1.465014 -0.000000 99.969615 
75500.000000 0.599358 0.014655 1.465033 -0.000000 99.969033 
75600.000000 0.599358 0.014656 1.465079 -0.000000 99.967672 
75700.000000 0.599345 0.014656 1.465131 -0.000000 99.967054 
75800.000000 0.599362 0.014657 1.465233 -0.000000 99.967084 
75900.000000 0.599364 0.014657 1.465199 -0.000000 99.966416 
76000.000000 0.599365 0.014657 1.465235 -0.000000 99.965632 
76100.000000 0.599384 0.014658 1.465382 -0.000000 99.968173 
76200.000000 0.599369 0.014658 1.465341 -0.000000 99.967060 
76300.000000 0.599388 0.014659 1.465459 -0.000000 99.968702 
76400.000000 0.599389 0.014659 1.465469 -0.000000 99.970458 
76500.000000 0.599388 0.014658 1.465405 -0.000000 99.970902 
76600.000000 0.599393 0.014658 1.465399 -0.000000 99.972520 
76700.000000 0.599394 0.014658 1.465442 -0.000000 99.973220 
76800.000000 0.599396 0.014658 1.465399 -0.000000 99.973086 
76900.000000 0.599394 0.014658 1.465416 -0.000000 99.972302 
77000.000000 0.599382 0.014658 1.465406 -0.000000 99.971649 
77100.000000 0.599382 0.014658 1.465336 -0.000000 99.971764 
77200.000000 0.599371 0.014657 1.465246 -0.000000 99.971541 
77300.000000 0.599377 0.014657 1.465323 -0.000000 99.971514 
77400.000000 0.599388 0.014658 1.465441 -0.000000 99.972274 
77500.000000 0.599406 0.014659 1.465553 -0.000000 99.973819 
77600.000000 0.599399 0.014660 1.465584 -0.000000 99.973686 
77700.000000 0.599399 0.014660 1.465624 -0.000000 99.971634 
77800.000000 0.599397 0.014660 1.465605 -0.000000 99.971414 
77900.000000 0.599385 0.014660 1.465594 -0.000000 99.970090 
78000.000000 0.599404 0.014661 1.465663 -0.000000 99.972333 
78100.000000 0.599404 0.014662 1.465739 -0.000000 99.970205 
78200.000000 0.599398 0.014662 1.465807 -0.000000 99.972366 
78300.000000 0.599400 0.014663 1.465852 -0.000000 99.972439 
78400.000000 0.599425 0.014664 1.466022 -0.000000 99.974439 
78500.000000 0.599424 0.014664 1.465989 -0.000000 99.975325 
78600.000000 0.599412 0.014663 1.465905 -0.000000 99.975420 
78700.000000 0.599416 0.014664 1.466014 -0.000000 99.976887 
78800.000000 0.599414 0.014664 1.465979 -0.000000 99.974695 
78900.000000 0.599415 0.014664 1.466042 -0.000000 99.974778 
79000.000000 0.599409 0.014664 1.466007 -0.000000 99.975114 
79100.000000 0.599405 0.014664 1.465988 -0.000000 99.974324 
79200.000000 0.599405 0.014665 1.466061 -0.000000 99.973093 
79300.000000 0.599418 0.014666 1.466228 -0.000000 99.973884 
79400.000000 0.599410 0.014666 1.466147 -0.000000 99.971927 
79500.000000 0.599416 0.014666 1.466166 -0.000000 99.972264 
79600.000000 0.599424 0.014666 1.466224 -0.000000 99.972638 
79700.000000 0.599406 0.014666 1.466173 -0.000000 99.970803 
79800.000000 0.599410 0.014667 1.466229 -0.000000 99.970100 
79900.000000 0.599412 0.014668 1.466340 -0.000000 99.970976 
80000.000000 0.599401 0.014666 1.466157 -0.000000 99.970038 
80100.000000 0.599421 0.014666 1.466259 -0.000000 99.973945 
80200.000000 0.599425 0.014666 1.466258 -0.000000 99.974776 
80300.000000 0.599438 0.014667 1.466370 -0.000000 99.976040 
80400.000000 0.599455 0.014669 1.466585 -0.000000 99.977102 
80500.000000 0.599493 0.014672 1.466877 -0.000000 99.979950 
80600.000000 0.599483 0.014671 1.466818 -0.000000 99.978288 
80700.000000 0.599493 0.014672 1.466878 -0.000000 99.979033 
80800.000000 0.599486 0.014671 1.466821 -0.000000 99.979084 
80900.000000 0.599480 0.014671 1.466799 -0.000000 99.978813 
81000.000000 0.599475 0.014671 1.466816 -0.000000 99.980691 
81100.000000 0.599472 0.014671 1.466798 -0.000000 99.980321 
81200.000000 0.599463 0.014671 1.466796 -0.000000 99.980135 
81300.000000 0.599473 0.014671 1.466795 -0.000000 99.980541 
81400.000000 0.599455 0.014670 1.466635 -0.000000 99.977764 
81500.000000 0.599453 0.014670 1.466643 -0.000000 99.976957 
81600.000000 0.599451 0.014670 1.466706 -0.000000 99.976716 
81700.000000 0.599454 0.014671 1.466743 -0.000000 99.977748 
81800.000000 0.599450 0.014671 1.466802 -0.000000 99.976919 
81900.000000 0.599448 0.014672 1.466813 -0.000000 99.975800 
82000.000000 0.599480 0.014672 1.466847 -0.000000 99.978512 
82100.000000 0.599479 0.014672 1.466879 -0.000000 99.979476 
82200.000000 0.599485 0.014671 1.466829 -0.000000 99.978710 
82300.000000 0.599492 0.014672 1.466896 -0.000000 99.980316 
82400.000000 0.599488 0.014672 1.466915 -0.000000 99.978398 
82500.000000 0.599490 0.014672 1.466907 -0.000000 99.977745 
82600.000000 0.599502 0.014673 1.466998 -0.000000 99.978063 
82700.000000 0.599513 0.014674 1.467094 -0.000000 99.978779 
82800.000000 0.599501 0.014673 1.466988 -0.000000 99.977693 
82900.000000 0.599502 0.014673 1.466970 -0.000000 99.976731 
83000.000000 0.599525 0.014675 1.467144 -0.000000 99.978759 
83100.000000 0.599498 0.014673 1.467012 -0.000000 99.977088 
83200.000000 0.599495 0.014673 1.466990 -0.000000 99.978738 
83300.000000 0.599482 0.014672 1.466879 -0.000000 99.976819 
83400.000000 0.599480 0.014673 1.466973 -0.000000 99.976619 
83500.000000 0.599477 0.014673 1.466983 -0.000000 99.976120 
83600.000000 0.599489 0.014674 1.467055 -0.000000 99.977691 
83700.000000 0.599487 0.014673 1.466980 -0.000000 99.976882 
83800.000000 0.599483 0.014673 1.466933 -0.000000 99.976432 
83900.000000 0.599474 0.014673 1.466905 -0.000000 99.975805 
84000.000000 0.599486 0.014673 1.466954 -0.000000 99.976381 
84100.000000 0.599478 0.014672 1.466915 -0.000000 99.977848 
84200.000000 0.599487 0.014673 1.466953 -0.000000 99.977435 
84300.000000 0.599491 0.014673 1.466948 -0.000000 99.977544 
84400.000000 0.599487 0.014673 1.466926 -0.000000 99.976303 
84500.000000 0.599494 0.014674 1.467035 -0.000000 99.975964 
84600.000000 0.599486 0.014674 1.467040 -0.000000 99.975650 
84700.000000 0.599484 0.014673 1.466979 -0.000000 99.975950 
84800.000000 0.599498 0.014674 1.467072 -0.000000 99.976639 
84900.000000 0.599497 0.014674 1.467097 -0.000000 99.976702 
85000.000000 0.599500 0.014673 1.467015 -0.000000 99.977494 
85100.000000 0.599501 0.014675 1.467134 -0.000000 99.976451 
85200.000000 0.599499 0.014674 1.467076 -0.000000 99.976714 
85300.000000 0.599485 0.014673 1.466899 -0.000000 99.974853 
85400.000000 0.599496 0.014673 1.466976 -0.000000 99.976019 
85500.000000 0.599509 0.014674 1.467052 -0.000000 99.977135 
85600.000000 0.599489 0.014673 1.466948 -0.000000 99.974007 
85700.000000 0.599480 0.014673 1.466867 -0.000000 99.973897 
85800.000000 0.599498 0.014674 1.467001 -0.000000 99.975233 
85900.000000 0.599514 0.014674 1.467052 -0.000000 99.976659 
86000.000000 0.599503 0.014674 1.467062 -0.000000 99.975965 
86100.000000 0.599497 0.014674 1.467058 -0.000000 99.975424 
86200.000000 0.599492 0.014674 1.467023 -0.000000 99.974478 
86300.000000 0.599496 0.014674 1.467045 -0.000000 99.974948 
86400.000000 0.599497 0.014674 1.467049 -0.000000 99.974433 
86500.000000 0.599480 0.014674 1.466965 -0.000000 99.971977 
86600.000000 0.599482 0.014674 1.467019 -0.000000 99.971986 
86700.000000 0.599484 0.014674 1.467008 -0.000000 99.972630 
86800.000000 0.599463 0.014673 1.466859 -0.000000 99.970150 
86900.000000 0.599455 0.014673 1.466822 -0.000000 99.969471 
87000.000000 0.599446 0.014672 1.466734 -0.000000 99.969287 
87100.000000 0.599439 0.014672 1.466690 -0.000000 99.968301 
87200.000000 0.599467 0.014673 1.466833 -0.000000 99.970791 
87300.000000 0.599469 0.014673 1.466818 -0.000000 99.969828 
87400.000000 0.599455 0.014672 1.466703 -0.000000 99.967941 
87500.000000 0.599448 0.014672 1.466692 -0.000000 99.967874 
87600.000000 0.599446 0.014672 1.466747 -0.000000 99.967306 
87700.000000 0.599454 0.014673 1.466817 -0.000000 99.968392 
87800.000000 0.599455 0.014673 1.466857 -0.000000 99.969226 
87900.000000 0.599457 0.014673 1.466827 -0.000000 99.969659 
88000.000000 0.599450 0.014673 1.466836 -0.000000 99.968216 
88100.000000 0.599459 0.014674 1.466933 -0.000000 99.970023 
88200.000000 0.599477 0.014673 1.466939 -0.000000 99.972041 
88300.000000 0.599482 0.014673 1.466900 -0.000000 99.972163 
88400.000000 0.599499 0.014674 1.467026 -0.000000 99.975023 
88500.000000 0.599510 0.014675 1.467130 -0.000000 99.975311 
88600.000000 0.599520 0.014675 1.467167 -0.000000 99.976027 
88700.000000 0.599512 0.014675 1.467167 -0.000000 99.974149 
88800.000000 0.599511 0.014675 1.467150 -0.000000 99.973029 
88900.000000 0.599510 0.014676 1.467207 -0.000000 99.972733 
89000.000000 0.599517 0.014677 1.467299 -0.000000 99.974180 
89100.000000 0.599531 0.014678 1.467456 -0.000000 99.976049 
89200.000000 0.599530 0.014678 1.467427 -0.000000 99.975818 
89300.000000 0.599535 0.014678 1.467414 -0.000000 99.976349 
89400.000000 0.599531 0.014677 1.467408 -0.000000 99.977427 
89500.000000 0.599533 0.014677 1.467408 -0.000000 99.977855 
89600.000000 0.599539 0.014678 1.467471 -0.000000 99.977879 
89700.000000 0.599537 0.014678 1.467453 -0.000000 99.978305 
89800.000000 0.599550 0.014677 1.467443 -0.000000 99.979833 
89900.000000 0.599547 0.014678 1.467503 -0.000000 99.979522 
90000.000000 0.599537 0.014678 1.467484 -0.000000 99.977622 
90100.000000 0.599542 0.014678 1.467522 -0.000000 99.978002 
90200.000000 0.599546 0.014678 1.467497 -0.000000 99.977594 
90300.000000 0.599539 0.014678 1.467462 -0.000000 99.976988 
90400.000000 0.599542 0.014678 1.467488 -0.000000 99.976781 
90500.000000 0.599545 0.014678 1.467479 -0.000000 99.977017 
90600.000000 0.599549 0.014679 1.467582 -0.000000 99.977848 
90700.000000 0.599537 0.014678 1.467447 -0.000000 99.976836 
90800.000000 0.599549 0.014678 1.467489 -0.000000 99.977544 
90900.000000 0.599530 0.014677 1.467390 -0.000000 99.976040 
91000.000000 0.599527 0.014678 1.467408 -0.000000 99.974791 
91100.000000 0.599505 0.014677 1.467277 -0.000000 99.972602 
91200.000000 0.599515 0.014677 1.467305 -0.000000 99.972445 
91300.000000 0.599527 0.014677 1.467337 -0.000000 99.974118 
91400.000000 0.599537 0.014677 1.467347 -0.000000 99.974792 
91500.000000 0.599542 0.014677 1.467330 -0.000000 99.974197 
91600.000000 0.599543 0.014678 1.467428 -0.000000 99.974247 
91700.000000 0.599546 0.014678 1.467390 -0.000000 99.974013 
91800.000000 0.599557 0.014678 1.467458 -0.000000 99.975305 
91900.000000 0.599555 0.014678 1.467407 -0.000000 99.975462 
92000.000000 0.599542 0.014677 1.467313 -0.000000 99.973467 
92100.000000 0.599552 0.014678 1.467382 -0.000000 99.974115 
92200.000000 0.599557 0.014678 1.467484 -0.000000 99.975065 
92300.000000 0.599553 0.014678 1.467490 -0.000000 99.976230 
92400.000000 0.599533 0.014678 1.467387 -0.000000 99.973972 
92500.000000 0.599526 0.014677 1.467336 -0.000000 99.973773 
92600.000000 0.599524 0.014677 1.467276 -0.000000 99.973575 
92700.000000 0.599528 0.014677 1.467279 -0.000000 99.973970 
92800.000000 0.599524 0.014676 1.467236 -0.000000 99.972478 
92900.000000 0.599523 0.014676 1.467207 -0.000000 99.972304 
93000.000000 0.599518 0.014676 1.467206 -0.000000 99.971301 
93100.000000 0.599522 0.014677 1.467336 -0.000000 99.972868 
93200.000000 0.599522 0.014677 1.467273 -0.000000 99.972242 
93300.000000 0.599530 0.014677 1.467291 -0.000000 99.972905 
93400.000000 0.599517 0.014676 1.467230 -0.000000 99.971767 
93500.000000 0.599519 0.014677 1.467280 -0.000000 99.972706 
93600.000000 0.599528 0.014677 1.467338 -0.000000 99.973568 
93700.000000 0.599531 0.014678 1.467386 -0.000000 99.972455 
93800.000000 0.599543 0.014678 1.467445 -0.000000 99.973401 
93900.000000 0.599549 0.014678 1.467471 -0.000000 99.974366 
94000.000000 0.599555 0.014679 1.467515 -0.000000 99.975106 
94100.000000 0.599556 0.014679 1.467497 -0.000000 99.975345 
94200.000000 0.599558 0.014678 1.467478 -0.000000 99.976603 
94300.000000 0.599562 0.014678 1.467455 -0.000000 99.976850 
94400.000000 0.599568 0.014678 1.467447 -0.000000 99.977235 
94500.000000 0.599579 0.014678 1.467518 -0.000000 99.979153 
94600.000000 0.599580 0.014678 1.467519 -0.000000 99.978383 
94700.000000 0.599573 0.014679 1.467539 -0.000000 99.978669 
94800.000000 0.599563 0.014678 1.467509 -0.000000 99.977616 
94900.000000 0.599540 0.014677 1.467350 -0.000000 99.976006 
95000.000000 0.599556 0.014677 1.467419 -0.000000 99.978758 
95100.000000 0.599559 0.014678 1.467466 -0.000000 99.978181 
95200.000000 0.599571 0.014678 1.467493 -0.000000 99.979317 
95300.000000 0.599578 0.014678 1.467554 -0.000000 99.981165 
95400.000000 0.599583 0.014678 1.467536 -0.000000 99.981520 
95500.000000 0.599567 0.014678 1.467494 -0.000000 99.981236 
95600.000000 0.599576 0.014678 1.467559 -0.000000 99.981653 
95700.000000 0.599577 0.014679 1.467575 -0.000000 99.981191 
95800.000000 0.599571 0.014678 1.467536 -0.000000 99.980658 
95900.000000 0.599567 0.014678 1.467509 -0.000000 99.981022 
96000.000000 0.599574 0.014678 1.467556 -0.000000 99.981781 
96100.000000 0.599588 0.014679 1.467702 -0.000000 99.983528 
96200.000000 0.599591 0.014680 1.467721 -0.000000 99.983378 
96300.000000 0.599586 0.014680 1.467741 -0.000000 99.982326 
96400.000000 0.599577 0.014679 1.467645 -0.000000 99.981421 
96500.000000 0.599584 0.014679 1.467651 -0.000000 99.979927 
96600.000000 0.599578 0.014679 1.467537 -0.000000 99.978395 
96700.000000 0.599565 0.014678 1.467465 -0.000000 99.976360 
96800.000000 0.599579 0.014678 1.467519 -0.000000 99.978171 
96900.000000 0.599594 0.014679 1.467648 -0.000000 99.979670 
97000.000000 0.599596 0.014679 1.467605 -0.000000 99.981041 
97100.000000 0.599621 0.014680 1.467721 -0.000000 99.982945 
97200.000000 0.599625 0.014680 1.467762 -0.000000 99.984465 
97300.000000 0.599623 0.014679 1.467713 -0.000000 99.984090 
97400.000000 0.599633 0.014680 1.467744 -0.000000 99.985133 
97500.000000 0.599635 0.014680 1.467731 -0.000000 99.984810 
97600.000000 0.599639 0.014680 1.467769 -0.000000 99.984180 
97700.000000 0.599637 0.014680 1.467746 -0.000000 99.984289 
97800.000000 0.599629 0.014680 1.467740 -0.000000 99.985041 
97900.000000 0.599630 0.014679 1.467692 -0.000000 99.985352 
98000.000000 0.599626 0.014679 1.467653 -0.000000 99.984480 
98100.000000 0.599636 0.014679 1.467722 -0.000000 99.985331 
98200.000000 0.599622 0.014679 1.467667 -0.000000 99.983941 
98300.000000 0.599627 0.014680 1.467765 -0.000000 99.984812 
98400.000000 0.599637 0.014681 1.467891 -0.000000 99.986148 
98500.000000 0.599636 0.014681 1.467866 -0.000000 99.986365 
98600.000000 0.599644 0.014681 1.467910 -0.000000 99.988377 
98700.000000 0.599646 0.014681 1.467893 -0.000000 99.988936 
98800.000000 0.599635 0.014680 1.467821 -0.000000 99.988957 
98900.000000 0.599626 0.014680 1.467821 -0.000000 99.989211 
99000.000000 0.599628 0.014679 1.467795 -0.000000 99.990525 
99100.000000 0.599624 0.014679 1.467758 -0.000000 99.989556 
99200.000000 0.599617 0.014679 1.467701 -0.000000 99.989294 
99300.000000 0.599613 0.014678 1.467635 -0.000000 99.987855 
99400.000000 0.599619 0.014679 1.467759 -0.000000 99.988068 
99500.000000 0.599612 0.014679 1.467703 -0.000000 99.988050 
99600.000000 0.599617 0.014680 1.467813 -0.000000 99.987972 
99700.000000 0.599620 0.014680 1.467831 -0.000000 99.989077 
99800.000000 0.599610 0.014679 1.467782 -0.000000 99.989669 
99900.000000 0.599614 0.014679 1.467799 -0.000000 99.990320 
100000.000000 0.599613 0.014679 1.467796 -0.000000 99.990040 
