100.000000 0.990381 0.482395 48.350402 0.000000 100.230000 
200.000000 0.981656 0.395917 39.470933 0.000000 99.695000 
300.000000 0.979618 0.490131 48.705918 0.000000 99.373333 
400.000000 0.984713 0.623740 62.054351 0.000000 99.487500 
500.000000 0.986428 0.671887 66.932041 0.000000 99.618000 
600.000000 0.988690 1.053225 105.136402 0.000000 99.823333 
700.000000 0.990306 1.563425 156.480963 -0.000000 100.088571 
800.000000 0.991517 2.091298 209.493113 0.000000 100.173750 
900.000000 0.992460 2.543350 255.131903 -0.000000 100.313333 
1000.000000 0.993214 2.824578 282.974743 -0.000000 100.183000 
1100.000000 0.993831 2.911414 291.938069 -0.000000 100.273636 
1200.000000 0.994345 3.051857 306.253897 -0.000000 100.350000 
1300.000000 0.994780 3.111431 312.282340 0.000000 100.366154 
1400.000000 0.995153 3.003779 301.551544 0.000000 100.390714 
1500.000000 0.994200 2.858288 286.895852 0.000000 100.373333 
1600.000000 0.994534 2.747123 275.886661 0.000000 100.427500 
1700.000000 0.994518 2.624308 263.276797 0.000000 100.322353 
1800.000000 0.994590 2.500944 250.982264 0.000000 100.355000 
1900.000000 0.993491 2.382350 239.006140 0.000000 100.323684 
2000.000000 0.993817 2.382196 239.028320 0.000000 100.339500 
2100.000000 0.994111 2.335098 234.344836 0.000000 100.357619 
2200.000000 0.994086 2.258996 226.739520 -0.000000 100.371818 
2300.000000 0.994231 2.211924 221.930950 0.000000 100.333913 
2400.000000 0.994471 2.166666 217.439346 0.000000 100.356667 
2500.000000 0.994692 2.121252 212.822711 0.000000 100.328800 
2600.000000 0.994732 2.059035 206.583812 0.000000 100.330385 
2700.000000 0.994477 1.994033 200.043654 -0.000000 100.321111 
2800.000000 0.993849 1.935136 194.039585 0.000000 100.271786 
2900.000000 0.993512 1.880443 188.506598 0.000000 100.245862 
3000.000000 0.993603 1.836359 184.109716 0.000000 100.258000 
3100.000000 0.993795 1.812773 181.772562 0.000000 100.273226 
3200.000000 0.993836 1.781948 178.644175 0.000000 100.252188 
3300.000000 0.993424 1.738747 174.273073 0.000000 100.229091 
3400.000000 0.993310 1.709257 171.286628 -0.000000 100.211176 
3500.000000 0.993448 1.685885 168.880378 0.000000 100.173143 
3600.000000 0.993274 1.650766 165.324241 -0.000000 100.150000 
3700.000000 0.992637 1.613768 161.560830 0.000000 100.114054 
3800.000000 0.992830 1.591321 159.357364 0.000000 100.141579 
3900.000000 0.992941 1.589418 159.114194 0.000000 100.108462 
4000.000000 0.992858 1.566830 156.852256 0.000000 100.108000 
4100.000000 0.992707 1.537642 153.912753 0.000000 100.096585 
4200.000000 0.992533 1.514947 151.651616 0.000000 100.103571 
4300.000000 0.992706 1.511008 151.263486 0.000000 100.107674 
4400.000000 0.992872 1.495010 149.742281 0.000000 100.161364 
4500.000000 0.992755 1.474987 147.713028 0.000000 100.145333 
4600.000000 0.992356 1.448278 145.018908 0.000000 100.131957 
4700.000000 0.992423 1.435213 143.709735 0.000000 100.131277 
4800.000000 0.992148 1.418949 142.038279 0.000000 100.101042 
4900.000000 0.991958 1.402658 140.376251 0.000000 100.078776 
5000.000000 0.991994 1.392610 139.372959 0.000000 100.080400 
5100.000000 0.992119 1.377177 137.806285 0.000000 100.064314 
5200.000000 0.991932 1.358378 135.927631 0.000000 100.066154 
5300.000000 0.991707 1.341110 134.230145 0.000000 100.088868 
5400.000000 0.991591 1.321921 132.299809 0.000000 100.081481 
5500.000000 0.991466 1.302464 130.346066 0.000000 100.076545 
5600.000000 0.991439 1.300780 130.182543 0.000000 100.080357 
5700.000000 0.991364 1.288481 128.898015 0.000000 100.038772 
5800.000000 0.991235 1.270476 127.064054 0.000000 100.012931 
5900.000000 0.991340 1.258369 125.831186 0.000000 99.995424 
6000.000000 0.991086 1.242216 124.203830 0.000000 99.985667 
6100.000000 0.990865 1.225912 122.573275 -0.000000 99.985410 
6200.000000 0.990741 1.211699 121.154853 -0.000000 99.987581 
6300.000000 0.990664 1.197711 119.767659 -0.000000 99.997143 
6400.000000 0.990619 1.189653 118.964381 -0.000000 99.999219 
6500.000000 0.990763 1.196429 119.659233 -0.000000 100.013692 
6600.000000 0.990903 1.210385 121.061776 -0.000000 100.019242 
6700.000000 0.991039 1.209496 120.989532 -0.000000 100.032985 
6800.000000 0.990952 1.200277 120.052773 -0.000000 100.020882 
6900.000000 0.990382 1.185129 118.521342 -0.000000 100.007101 
7000.000000 0.990498 1.180067 118.009893 -0.000000 100.002714 
7100.000000 0.990071 1.166108 116.579409 -0.000000 99.973099 
7200.000000 0.989959 1.152529 115.227274 -0.000000 99.977778 
7300.000000 0.989801 1.142066 114.202885 -0.000000 99.996712 
7400.000000 0.989938 1.146447 114.677239 -0.000000 100.028378 
7500.000000 0.990073 1.143956 114.443345 -0.000000 100.041733 
7600.000000 0.990203 1.157054 115.782593 -0.000000 100.066711 
7700.000000 0.990228 1.154306 115.501990 -0.000000 100.061818 
7800.000000 0.990281 1.151632 115.221262 -0.000000 100.050385 
7900.000000 0.990067 1.143190 114.372675 -0.000000 100.046962 
8000.000000 0.990163 1.139215 113.962353 0.000000 100.035875 
8100.000000 0.990284 1.145423 114.613434 -0.000000 100.062099 
8200.000000 0.990403 1.165591 116.636556 -0.000000 100.066463 
8300.000000 0.990518 1.178343 117.915189 -0.000000 100.068675 
8400.000000 0.990436 1.174127 117.498386 -0.000000 100.072976 
8500.000000 0.990391 1.163857 116.469607 -0.000000 100.072118 
8600.000000 0.990372 1.154851 115.556105 -0.000000 100.061512 
8700.000000 0.990327 1.147399 114.805086 -0.000000 100.056782 
8800.000000 0.990437 1.160430 116.119092 -0.000000 100.065568 
8900.000000 0.990360 1.158166 115.869732 0.000000 100.045843 
9000.000000 0.990412 1.157515 115.805129 0.000000 100.046333 
9100.000000 0.990514 1.151588 115.220030 0.000000 100.053187 
9200.000000 0.990450 1.147593 114.823906 0.000000 100.056304 
9300.000000 0.990514 1.145811 114.643096 -0.000000 100.054086 
9400.000000 0.990565 1.138497 113.905739 -0.000000 100.049255 
9500.000000 0.990472 1.132611 113.306125 -0.000000 100.039789 
9600.000000 0.990571 1.131772 113.221205 0.000000 100.038854 
9700.000000 0.990668 1.132871 113.326251 -0.000000 100.034536 
9800.000000 0.990741 1.131068 113.153997 -0.000000 100.041735 
9900.000000 0.990629 1.122975 112.334435 -0.000000 100.032929 
10000.000000 0.990565 1.116501 111.683611 -0.000000 100.030000 
10100.000000 0.990404 1.109023 110.919840 -0.000000 100.015842 
10200.000000 0.990498 1.119150 111.940608 -0.000000 100.022843 
10300.000000 0.990590 1.139423 113.978081 -0.000000 100.031359 
10400.000000 0.990498 1.134947 113.508439 -0.000000 100.012115 
10500.000000 0.990459 1.127950 112.793486 -0.000000 99.998667 
10600.000000 0.990466 1.125513 112.552970 -0.000000 100.001509 
10700.000000 0.990555 1.127414 112.744727 -0.000000 100.002991 
10800.000000 0.990643 1.132605 113.259897 -0.000000 99.999444 
10900.000000 0.990729 1.144137 114.428918 -0.000000 100.013303 
11000.000000 0.990813 1.160473 116.069471 -0.000000 100.019091 
11100.000000 0.990896 1.171463 117.177958 -0.000000 100.027027 
11200.000000 0.990977 1.186737 118.707464 0.000000 100.028482 
11300.000000 0.991057 1.192711 119.304601 0.000000 100.028053 
11400.000000 0.991135 1.200519 120.095486 0.000000 100.036316 
11500.000000 0.991074 1.194960 119.533617 0.000000 100.031478 
11600.000000 0.991108 1.191065 119.156947 0.000000 100.042328 
11700.000000 0.990924 1.184591 118.500925 0.000000 100.035299 
11800.000000 0.990874 1.178882 117.930397 0.000000 100.035763 
11900.000000 0.990951 1.184875 118.532298 0.000000 100.037815 
12000.000000 0.991026 1.193384 119.396456 0.000000 100.048667 
12100.000000 0.991101 1.200760 120.132091 0.000000 100.046694 
12200.000000 0.990998 1.196869 119.718987 0.000000 100.026803 
12300.000000 0.990905 1.190517 119.078129 0.000000 100.022195 
12400.000000 0.990973 1.188133 118.851599 0.000000 100.032258 
12500.000000 0.991045 1.188603 118.897527 0.000000 100.031360 
12600.000000 0.991015 1.182836 118.317923 0.000000 100.029048 
12700.000000 0.990982 1.176082 117.642707 0.000000 100.029370 
12800.000000 0.991018 1.171049 117.149826 0.000000 100.038359 
12900.000000 0.990977 1.165559 116.593310 0.000000 100.032093 
13000.000000 0.990919 1.158749 115.906214 0.000000 100.027000 
13100.000000 0.990679 1.151732 115.193949 0.000000 100.018015 
13200.000000 0.990670 1.145461 114.577024 0.000000 100.026970 
13300.000000 0.990631 1.139311 113.961506 -0.000000 100.026692 
13400.000000 0.990701 1.138698 113.905836 -0.000000 100.031642 
13500.000000 0.990769 1.140868 114.125816 -0.000000 100.034222 
13600.000000 0.990829 1.138524 113.885343 -0.000000 100.028897 
13700.000000 0.990684 1.132141 113.237902 -0.000000 100.021022 
13800.000000 0.990672 1.132110 113.233540 -0.000000 100.019928 
13900.000000 0.990739 1.135583 113.580553 -0.000000 100.019568 
14000.000000 0.990785 1.132472 113.270612 -0.000000 100.020643 
14100.000000 0.990850 1.134924 113.518700 -0.000000 100.023191 
14200.000000 0.990851 1.130415 113.071105 -0.000000 100.026197 
14300.000000 0.990732 1.125781 112.598817 -0.000000 100.018392 
14400.000000 0.990749 1.123679 112.382860 -0.000000 100.013333 
14500.000000 0.990580 1.118415 111.843347 -0.000000 100.001655 
14600.000000 0.990550 1.115026 111.499970 -0.000000 99.997671 
14700.000000 0.990306 1.108820 110.868156 -0.000000 99.987551 
14800.000000 0.990330 1.105762 110.568189 -0.000000 99.992770 
14900.000000 0.990212 1.100418 110.027325 -0.000000 99.986846 
15000.000000 0.990210 1.098190 109.807437 -0.000000 99.989467 
15100.000000 0.990190 1.093119 109.300482 -0.000000 99.989536 
15200.000000 0.990183 1.091113 109.097261 -0.000000 99.987105 
15300.000000 0.990063 1.085734 108.558567 -0.000000 99.986340 
15400.000000 0.989923 1.080492 108.027579 -0.000000 99.980000 
15500.000000 0.989887 1.076057 107.575271 0.000000 99.971677 
15600.000000 0.989894 1.073530 107.330606 -0.000000 99.979167 
15700.000000 0.989958 1.078572 107.853930 0.000000 99.997006 
15800.000000 0.990022 1.086649 108.660531 0.000000 99.996013 
15900.000000 0.990063 1.084979 108.492844 0.000000 99.995346 
16000.000000 0.990099 1.081974 108.190620 0.000000 99.993750 
16100.000000 0.990086 1.077683 107.759081 0.000000 99.991491 
16200.000000 0.990147 1.079879 107.987911 0.000000 100.000000 
16300.000000 0.990138 1.078430 107.842846 0.000000 99.999877 
16400.000000 0.990042 1.073369 107.330372 0.000000 99.993963 
16500.000000 0.990010 1.068723 106.868929 0.000000 99.996848 
16600.000000 0.989977 1.065109 106.501232 0.000000 99.990964 
16700.000000 0.989908 1.060731 106.058447 0.000000 99.986168 
16800.000000 0.989931 1.057870 105.774741 0.000000 99.988393 
16900.000000 0.989945 1.055456 105.535177 0.000000 99.990118 
17000.000000 0.989873 1.052051 105.192467 0.000000 99.988000 
17100.000000 0.989801 1.047185 104.698330 0.000000 99.980702 
17200.000000 0.989830 1.044874 104.470156 0.000000 99.983488 
17300.000000 0.989811 1.040938 104.074349 0.000000 99.981329 
17400.000000 0.989713 1.036289 103.595311 0.000000 99.967586 
17500.000000 0.989607 1.031778 103.139821 0.000000 99.963143 
17600.000000 0.989549 1.028450 102.805585 0.000000 99.961648 
17700.000000 0.989538 1.024584 102.424061 0.000000 99.966497 
17800.000000 0.989540 1.022875 102.252859 0.000000 99.966124 
17900.000000 0.989512 1.019431 101.911922 0.000000 99.969441 
18000.000000 0.989505 1.016391 101.607311 0.000000 99.968722 
18100.000000 0.989371 1.012485 101.213416 0.000000 99.965304 
18200.000000 0.989368 1.009984 100.961630 0.000000 99.963571 
18300.000000 0.989417 1.008767 100.849453 0.000000 99.972951 
18400.000000 0.989415 1.006823 100.650686 0.000000 99.968641 
18500.000000 0.989265 1.002576 100.217179 0.000000 99.959730 
18600.000000 0.989321 1.002720 100.241385 0.000000 99.969462 
18700.000000 0.989337 1.000793 100.049301 0.000000 99.970000 
18800.000000 0.989394 1.005259 100.498664 0.000000 99.972872 
18900.000000 0.989450 1.010586 101.035849 0.000000 99.977460 
19000.000000 0.989420 1.008621 100.844685 0.000000 99.982737 
19100.000000 0.989459 1.006089 100.594351 0.000000 99.985550 
19200.000000 0.989381 1.002312 100.212393 0.000000 99.981198 
19300.000000 0.989370 1.000071 99.984175 0.000000 99.977047 
19400.000000 0.989263 0.996354 99.610373 0.000000 99.974845 
19500.000000 0.989287 0.996507 99.629358 0.000000 99.978615 
19600.000000 0.989264 0.992903 99.268639 0.000000 99.978163 
19700.000000 0.989252 0.990419 99.016566 0.000000 99.974416 
19800.000000 0.989208 0.987791 98.749324 0.000000 99.969899 
19900.000000 0.989259 0.985750 98.547676 0.000000 99.972261 
20000.000000 0.989284 0.983888 98.350355 0.000000 99.960950 
20100.000000 0.989274 0.981043 98.063367 0.000000 99.958308 
20200.000000 0.989299 0.978485 97.811575 0.000000 99.962228 
20300.000000 0.989255 0.974892 97.447554 0.000000 99.957241 
20400.000000 0.989258 0.971826 97.138847 0.000000 99.954951 
20500.000000 0.989208 0.968590 96.808907 0.000000 99.948293 
20600.000000 0.989232 0.966231 96.578997 0.000000 99.954369 
20700.000000 0.989224 0.963246 96.275780 0.000000 99.949324 
20800.000000 0.989276 0.965291 96.484111 0.000000 99.953365 
20900.000000 0.989240 0.962745 96.221084 0.000000 99.944545 
21000.000000 0.989291 0.965609 96.514430 0.000000 99.951905 
21100.000000 0.989342 0.971412 97.098567 0.000000 99.956161 
21200.000000 0.989340 0.969844 96.939336 0.000000 99.953538 
21300.000000 0.989313 0.968502 96.804279 0.000000 99.952535 
21400.000000 0.989278 0.966481 96.597611 0.000000 99.947710 
21500.000000 0.989328 0.966750 96.634041 0.000000 99.957628 
21600.000000 0.989378 0.968958 96.848430 0.000000 99.951065 
21700.000000 0.989411 0.966354 96.589925 0.000000 99.952949 
21800.000000 0.989416 0.964119 96.365273 0.000000 99.951651 
21900.000000 0.989355 0.961403 96.089641 0.000000 99.947306 
22000.000000 0.989278 0.958215 95.768326 0.000000 99.944545 
22100.000000 0.989207 0.955613 95.503794 0.000000 99.939774 
22200.000000 0.989256 0.956506 95.594889 0.000000 99.941712 
22300.000000 0.989280 0.955993 95.544466 0.000000 99.942691 
22400.000000 0.989310 0.954151 95.362920 0.000000 99.945357 
22500.000000 0.989340 0.952791 95.228754 0.000000 99.947200 
22600.000000 0.989314 0.950031 94.951223 0.000000 99.945354 
22700.000000 0.989283 0.947401 94.687976 0.000000 99.945022 
22800.000000 0.989306 0.945828 94.534531 0.000000 99.948991 
22900.000000 0.989227 0.942846 94.234441 0.000000 99.946812 
23000.000000 0.989242 0.940847 94.034864 0.000000 99.947000 
23100.000000 0.989262 0.941186 94.072231 0.000000 99.950779 
23200.000000 0.989308 0.947503 94.710718 0.000000 99.958190 
23300.000000 0.989354 0.953488 95.309476 0.000000 99.958755 
23400.000000 0.989353 0.952591 95.212930 0.000000 99.951538 
23500.000000 0.989361 0.954002 95.361947 0.000000 99.959872 
23600.000000 0.989406 0.958899 95.849479 0.000000 99.957881 
23700.000000 0.989283 0.956230 95.573615 0.000000 99.948312 
23800.000000 0.989308 0.955531 95.514085 0.000000 99.959160 
23900.000000 0.989335 0.955696 95.528021 0.000000 99.956444 
24000.000000 0.989352 0.953777 95.334419 0.000000 99.954625 
24100.000000 0.989327 0.951428 95.101839 0.000000 99.956929 
24200.000000 0.989371 0.952928 95.264767 0.000000 99.970579 
24300.000000 0.989378 0.951629 95.131460 0.000000 99.966996 
24400.000000 0.989341 0.948558 94.826777 0.000000 99.969426 
24500.000000 0.989270 0.945803 94.549219 0.000000 99.967102 
24600.000000 0.989284 0.944067 94.377818 0.000000 99.969390 
24700.000000 0.989302 0.943819 94.354780 0.000000 99.971255 
24800.000000 0.989214 0.941886 94.160798 0.000000 99.970524 
24900.000000 0.989257 0.945300 94.505548 0.000000 99.974177 
25000.000000 0.989288 0.950659 95.037172 0.000000 99.969760 
25100.000000 0.989212 0.948016 94.766924 0.000000 99.963426 
25200.000000 0.989160 0.946770 94.637454 0.000000 99.958214 
25300.000000 0.989164 0.945220 94.483433 0.000000 99.959249 
25400.000000 0.989207 0.946299 94.590070 0.000000 99.957874 
25500.000000 0.989212 0.944193 94.382136 0.000000 99.960627 
25600.000000 0.989239 0.942790 94.241631 0.000000 99.960352 
25700.000000 0.989256 0.940762 94.035886 0.000000 99.957121 
25800.000000 0.989297 0.944078 94.369827 0.000000 99.959806 
25900.000000 0.989291 0.943344 94.291378 0.000000 99.954363 
26000.000000 0.989262 0.941297 94.088550 0.000000 99.956308 
26100.000000 0.989253 0.939820 93.939189 0.000000 99.954483 
26200.000000 0.989278 0.939882 93.948080 0.000000 99.957328 
26300.000000 0.989288 0.939108 93.870384 0.000000 99.956920 
26400.000000 0.989268 0.937337 93.689435 0.000000 99.952727 
26500.000000 0.989306 0.936372 93.592364 0.000000 99.952113 
26600.000000 0.989346 0.937222 93.683999 0.000000 99.959248 
26700.000000 0.989386 0.940932 94.058736 0.000000 99.963333 
26800.000000 0.989419 0.942652 94.233443 0.000000 99.966269 
26900.000000 0.989458 0.946028 94.574851 0.000000 99.970446 
27000.000000 0.989431 0.945073 94.472002 0.000000 99.962630 
27100.000000 0.989374 0.943101 94.276477 -0.000000 99.964391 
27200.000000 0.989360 0.940914 94.059254 -0.000000 99.965846 
27300.000000 0.989363 0.939108 93.877093 -0.000000 99.964139 
27400.000000 0.989371 0.937883 93.758954 -0.000000 99.968759 
27500.000000 0.989409 0.939684 93.938322 -0.000000 99.968036 
27600.000000 0.989385 0.937295 93.697126 -0.000000 99.965471 
27700.000000 0.989423 0.943789 94.353810 -0.000000 99.973430 
27800.000000 0.989461 0.948278 94.799044 -0.000000 99.969712 
27900.000000 0.989401 0.945888 94.555840 -0.000000 99.965197 
28000.000000 0.989436 0.945754 94.544310 -0.000000 99.967143 
28100.000000 0.989424 0.944184 94.390653 -0.000000 99.970605 
28200.000000 0.989443 0.943257 94.296768 -0.000000 99.969326 
28300.000000 0.989445 0.942308 94.205810 -0.000000 99.973534 
28400.000000 0.989411 0.940346 94.006762 -0.000000 99.970352 
28500.000000 0.989449 0.940974 94.068412 0.000000 99.969158 
28600.000000 0.989468 0.939766 93.947489 0.000000 99.968986 
28700.000000 0.989496 0.944789 94.457229 -0.000000 99.977108 
28800.000000 0.989533 0.950923 95.072891 -0.000000 99.979618 
28900.000000 0.989569 0.952541 95.232079 -0.000000 99.976920 
29000.000000 0.989572 0.950230 94.998552 0.000000 99.974241 
29100.000000 0.989544 0.947894 94.767094 -0.000000 99.976426 
29200.000000 0.989528 0.946729 94.647843 0.000000 99.973527 
29300.000000 0.989548 0.946081 94.586062 0.000000 99.976758 
29400.000000 0.989504 0.944191 94.398147 0.000000 99.977789 
29500.000000 0.989532 0.943868 94.367566 0.000000 99.979593 
29600.000000 0.989535 0.945694 94.553155 0.000000 99.982804 
29700.000000 0.989557 0.948833 94.866487 0.000000 99.982323 
29800.000000 0.989561 0.948022 94.787130 0.000000 99.984094 
29900.000000 0.989586 0.946770 94.663355 0.000000 99.985585 
30000.000000 0.989594 0.945102 94.497679 0.000000 99.986733 
30100.000000 0.989590 0.944586 94.446269 0.000000 99.986977 
30200.000000 0.989625 0.948717 94.863046 0.000000 99.990894 
30300.000000 0.989654 0.948425 94.836208 0.000000 99.993366 
30400.000000 0.989601 0.946004 94.593036 0.000000 99.992237 
30500.000000 0.989560 0.943784 94.373627 0.000000 99.994984 
30600.000000 0.989583 0.942088 94.207031 -0.000000 99.998072 
30700.000000 0.989529 0.939857 93.978205 -0.000000 99.992052 
30800.000000 0.989552 0.939778 93.971463 0.000000 99.993279 
30900.000000 0.989549 0.938818 93.874005 0.000000 99.991715 
31000.000000 0.989541 0.936731 93.664561 0.000000 99.990871 
31100.000000 0.989505 0.934886 93.478962 0.000000 99.989743 
31200.000000 0.989539 0.934470 93.436346 0.000000 99.988558 
31300.000000 0.989550 0.933095 93.297525 0.000000 99.987125 
31400.000000 0.989583 0.932372 93.227086 0.000000 99.989140 
31500.000000 0.989596 0.930781 93.069303 0.000000 99.990571 
31600.000000 0.989629 0.930380 93.029095 0.000000 99.990443 
31700.000000 0.989662 0.930964 93.089110 0.000000 99.992145 
31800.000000 0.989694 0.932851 93.282814 0.000000 99.997547 
31900.000000 0.989727 0.941484 94.154959 0.000000 100.006991 
32000.000000 0.989759 0.953152 95.325779 0.000000 100.011094 
32100.000000 0.989791 0.964275 96.439126 0.000000 100.012056 
32200.000000 0.989822 0.968197 96.828131 0.000000 100.008727 
32300.000000 0.989820 0.966137 96.622378 0.000000 100.008947 
32400.000000 0.989851 0.966923 96.706418 0.000000 100.014630 
32500.000000 0.989854 0.966678 96.681954 0.000000 100.014677 
32600.000000 0.989885 0.967809 96.797396 0.000000 100.016994 
32700.000000 0.989900 0.966370 96.654974 0.000000 100.018593 
32800.000000 0.989843 0.964078 96.423256 0.000000 100.016006 
32900.000000 0.989867 0.964717 96.487078 0.000000 100.015988 
33000.000000 0.989825 0.962866 96.298452 0.000000 100.012273 
33100.000000 0.989823 0.961412 96.153724 0.000000 100.012991 
33200.000000 0.989848 0.960754 96.090055 0.000000 100.015271 
33300.000000 0.989827 0.959213 95.940810 0.000000 100.020360 
33400.000000 0.989857 0.958997 95.921420 0.000000 100.022695 
33500.000000 0.989853 0.958785 95.900194 0.000000 100.022597 
33600.000000 0.989884 0.964059 96.433643 0.000000 100.028810 
33700.000000 0.989914 0.968865 96.910816 0.000000 100.025134 
33800.000000 0.989943 0.972379 97.264660 0.000000 100.027485 
33900.000000 0.989973 0.973693 97.400290 0.000000 100.031858 
34000.000000 0.989993 0.975997 97.628279 0.000000 100.029294 
34100.000000 0.990022 0.976615 97.690089 0.000000 100.029238 
34200.000000 0.990051 0.977652 97.794362 0.000000 100.029825 
34300.000000 0.990080 0.978457 97.880147 0.000000 100.035219 
34400.000000 0.990072 0.977700 97.801154 0.000000 100.031890 
34500.000000 0.990037 0.976049 97.634536 0.000000 100.030377 
34600.000000 0.990007 0.974072 97.433905 0.000000 100.027370 
34700.000000 0.990035 0.974263 97.455263 0.000000 100.029712 
34800.000000 0.990047 0.973548 97.383994 0.000000 100.029971 
34900.000000 0.990052 0.972016 97.228502 0.000000 100.027708 
35000.000000 0.990081 0.974074 97.436963 0.000000 100.030314 
35100.000000 0.990109 0.977824 97.814652 0.000000 100.032991 
35200.000000 0.990137 0.979259 97.958765 0.000000 100.033608 
35300.000000 0.990072 0.977534 97.778031 0.000000 100.025241 
35400.000000 0.990001 0.975398 97.561954 0.000000 100.022740 
35500.000000 0.989961 0.973719 97.391268 0.000000 100.019887 
35600.000000 0.989946 0.972336 97.250992 0.000000 100.017865 
35700.000000 0.989962 0.970611 97.083359 0.000000 100.022941 
35800.000000 0.989975 0.971781 97.200837 0.000000 100.023408 
35900.000000 0.989969 0.970319 97.053837 0.000000 100.022591 
36000.000000 0.989989 0.969635 96.983007 0.000000 100.020139 
36100.000000 0.989953 0.967615 96.779355 0.000000 100.018504 
36200.000000 0.989960 0.967707 96.791540 0.000000 100.021519 
36300.000000 0.989983 0.970645 97.084152 0.000000 100.020220 
36400.000000 0.989924 0.968612 96.878046 0.000000 100.017363 
36500.000000 0.989884 0.966845 96.699082 0.000000 100.015096 
36600.000000 0.989862 0.965676 96.581243 0.000000 100.014126 
36700.000000 0.989890 0.966129 96.630355 0.000000 100.018093 
36800.000000 0.989917 0.966974 96.715721 0.000000 100.018967 
36900.000000 0.989939 0.966833 96.703350 0.000000 100.020759 
37000.000000 0.989933 0.965590 96.577102 0.000000 100.018757 
37100.000000 0.989937 0.964472 96.468808 0.000000 100.022372 
37200.000000 0.989964 0.966196 96.645262 0.000000 100.026559 
37300.000000 0.989991 0.970453 97.069326 0.000000 100.024718 
37400.000000 0.990018 0.971889 97.213998 0.000000 100.025775 
37500.000000 0.990022 0.970214 97.043505 0.000000 100.022827 
37600.000000 0.990042 0.969057 96.927990 0.000000 100.023005 
37700.000000 0.990017 0.967928 96.814464 0.000000 100.022387 
37800.000000 0.989966 0.965956 96.613308 0.000000 100.018307 
37900.000000 0.989935 0.964088 96.423024 0.000000 100.014802 
38000.000000 0.989908 0.962261 96.236525 0.000000 100.010816 
38100.000000 0.989899 0.960507 96.059629 0.000000 100.009318 
38200.000000 0.989919 0.960303 96.041072 0.000000 100.011178 
38300.000000 0.989934 0.959608 95.974354 0.000000 100.014125 
38400.000000 0.989960 0.961137 96.127735 0.000000 100.014557 
38500.000000 0.989986 0.961836 96.199269 0.000000 100.016286 
38600.000000 0.989929 0.960268 96.038987 0.000000 100.012642 
38700.000000 0.989910 0.959504 95.961348 0.000000 100.011370 
38800.000000 0.989936 0.963484 96.359121 0.000000 100.011160 
38900.000000 0.989962 0.964956 96.502548 0.000000 100.007198 
39000.000000 0.989987 0.966494 96.658962 0.000000 100.009846 
39100.000000 0.990013 0.968904 96.899630 0.000000 100.009488 
39200.000000 0.990003 0.968616 96.869557 0.000000 100.008214 
39300.000000 0.990028 0.969687 96.980975 0.000000 100.012697 
39400.000000 0.990053 0.969873 97.003151 0.000000 100.016345 
39500.000000 0.990078 0.969761 96.992164 0.000000 100.016532 
39600.000000 0.990096 0.968890 96.904600 0.000000 100.016086 
39700.000000 0.990121 0.968670 96.884277 0.000000 100.017809 
39800.000000 0.990092 0.966956 96.707809 0.000000 100.012663 
39900.000000 0.990103 0.965956 96.605885 0.000000 100.010677 
40000.000000 0.990092 0.964244 96.435617 0.000000 100.011625 
40100.000000 0.990114 0.964304 96.444794 0.000000 100.014888 
40200.000000 0.990065 0.962841 96.294097 0.000000 100.010373 
40300.000000 0.990042 0.961574 96.164380 0.000000 100.007270 
40400.000000 0.990058 0.960968 96.103308 0.000000 100.006757 
40500.000000 0.990026 0.959558 95.962867 0.000000 100.007407 
40600.000000 0.990007 0.958109 95.818572 0.000000 100.008005 
40700.000000 0.989987 0.956493 95.657755 0.000000 100.008796 
40800.000000 0.989979 0.955958 95.604211 0.000000 100.008799 
40900.000000 0.990004 0.957871 95.795748 0.000000 100.008998 
41000.000000 0.990014 0.957345 95.742123 0.000000 100.007976 
41100.000000 0.989963 0.956114 95.616852 0.000000 100.005742 
41200.000000 0.989987 0.956855 95.695433 0.000000 100.010340 
41300.000000 0.990012 0.961787 96.188515 0.000000 100.010169 
41400.000000 0.990027 0.962363 96.248391 0.000000 100.012560 
41500.000000 0.990015 0.960736 96.083206 0.000000 100.010048 
41600.000000 0.989974 0.959004 95.909076 0.000000 100.009087 
41700.000000 0.989998 0.959327 95.942517 0.000000 100.010240 
41800.000000 0.989981 0.957917 95.801685 0.000000 100.010407 
41900.000000 0.990005 0.958667 95.879267 0.000000 100.013079 
42000.000000 0.989962 0.957075 95.714816 0.000000 100.007667 
42100.000000 0.989975 0.957189 95.728084 0.000000 100.009572 
42200.000000 0.989998 0.958247 95.835668 0.000000 100.011422 
42300.000000 0.990022 0.959855 96.000347 0.000000 100.015508 
42400.000000 0.990021 0.959299 95.939914 0.000000 100.010425 
42500.000000 0.989982 0.957608 95.768212 0.000000 100.007694 
42600.000000 0.990005 0.956617 95.673534 0.000000 100.012418 
42700.000000 0.989995 0.955275 95.538838 0.000000 100.011850 
42800.000000 0.990019 0.955061 95.514994 0.000000 100.009299 
42900.000000 0.990011 0.954114 95.420524 0.000000 100.009557 
43000.000000 0.990001 0.953101 95.317173 0.000000 100.007372 
43100.000000 0.989978 0.952099 95.215170 0.000000 100.005499 
43200.000000 0.990001 0.952568 95.264369 0.000000 100.007917 
43300.000000 0.990014 0.951849 95.193125 0.000000 100.008684 
43400.000000 0.989988 0.950253 95.033856 0.000000 100.009055 
43500.000000 0.990003 0.950835 95.093707 0.000000 100.010759 
43600.000000 0.989995 0.949921 95.001748 0.000000 100.010138 
43700.000000 0.990018 0.950208 95.035067 0.000000 100.014989 
43800.000000 0.990040 0.950679 95.081742 0.000000 100.014521 
43900.000000 0.990028 0.949977 95.011446 0.000000 100.014465 
44000.000000 0.990051 0.953064 95.321325 0.000000 100.015636 
44100.000000 0.990073 0.956095 95.625521 0.000000 100.016712 
44200.000000 0.990096 0.958672 95.883182 0.000000 100.016697 
44300.000000 0.990114 0.959012 95.916283 0.000000 100.015711 
44400.000000 0.990078 0.957404 95.754139 0.000000 100.014347 
44500.000000 0.989978 0.955552 95.566683 0.000000 100.012067 
44600.000000 0.989981 0.954281 95.440544 0.000000 100.013072 
44700.000000 0.989960 0.952835 95.295637 0.000000 100.012774 
44800.000000 0.989983 0.957272 95.744880 0.000000 100.018460 
44900.000000 0.990005 0.966478 96.667610 0.000000 100.020535 
45000.000000 0.990027 0.973350 97.354596 0.000000 100.020111 
45100.000000 0.990049 0.980375 98.057632 0.000000 100.020576 
45200.000000 0.990071 0.983688 98.388867 0.000000 100.020354 
45300.000000 0.990093 0.987132 98.733510 0.000000 100.020552 
45400.000000 0.990096 0.986241 98.643960 0.000000 100.020176 
45500.000000 0.990118 0.985494 98.568413 0.000000 100.019341 
45600.000000 0.990135 0.984926 98.512628 0.000000 100.020285 
45700.000000 0.990105 0.983641 98.384661 0.000000 100.020897 
45800.000000 0.990105 0.982490 98.268638 0.000000 100.019956 
45900.000000 0.990077 0.981124 98.131471 0.000000 100.019455 
46000.000000 0.990080 0.980370 98.055328 0.000000 100.018717 
46100.000000 0.990074 0.978858 97.902186 0.000000 100.016703 
46200.000000 0.990087 0.978455 97.861793 0.000000 100.016688 
46300.000000 0.990088 0.977759 97.790973 0.000000 100.015400 
46400.000000 0.990109 0.980892 98.104554 0.000000 100.015603 
46500.000000 0.990130 0.984252 98.440837 0.000000 100.015849 
46600.000000 0.990126 0.983642 98.378293 0.000000 100.014292 
46700.000000 0.990125 0.982383 98.251699 0.000000 100.013683 
46800.000000 0.990146 0.982878 98.303625 0.000000 100.016090 
46900.000000 0.990160 0.982454 98.260812 0.000000 100.015672 
47000.000000 0.990161 0.981208 98.132921 0.000000 100.012340 
47100.000000 0.990150 0.980274 98.039332 0.000000 100.012187 
47200.000000 0.990158 0.979561 97.970744 0.000000 100.014915 
47300.000000 0.990152 0.978688 97.883281 0.000000 100.014841 
47400.000000 0.990161 0.977449 97.760484 0.000000 100.015907 
47500.000000 0.990163 0.976188 97.632927 0.000000 100.014442 
47600.000000 0.990172 0.975846 97.601057 0.000000 100.016828 
47700.000000 0.990192 0.976870 97.703584 0.000000 100.017023 
47800.000000 0.990177 0.976108 97.627213 0.000000 100.016778 
47900.000000 0.990120 0.974683 97.483578 0.000000 100.015658 
48000.000000 0.990072 0.973086 97.322077 0.000000 100.013854 
48100.000000 0.990073 0.973687 97.385838 0.000000 100.017651 
48200.000000 0.990094 0.976009 97.617382 0.000000 100.016888 
48300.000000 0.990104 0.975653 97.582493 0.000000 100.017640 
48400.000000 0.990101 0.974748 97.490370 0.000000 100.015950 
48500.000000 0.990075 0.973436 97.357006 0.000000 100.013773 
48600.000000 0.990048 0.972050 97.215179 0.000000 100.010432 
48700.000000 0.990059 0.970977 97.110318 0.000000 100.013039 
48800.000000 0.990000 0.969546 96.962985 0.000000 100.008689 
48900.000000 0.989965 0.968080 96.813785 0.000000 100.006012 
49000.000000 0.989912 0.966675 96.671834 0.000000 100.004469 
49100.000000 0.989927 0.965764 96.579467 0.000000 100.003136 
49200.000000 0.989947 0.965222 96.526849 0.000000 100.004837 
49300.000000 0.989948 0.964618 96.465444 0.000000 100.003773 
49400.000000 0.989968 0.965516 96.555733 0.000000 100.004291 
49500.000000 0.989952 0.964574 96.459817 0.000000 100.002465 
49600.000000 0.989951 0.963807 96.384971 0.000000 100.004415 
49700.000000 0.989971 0.965336 96.539726 0.000000 100.006298 
49800.000000 0.989922 0.964337 96.435579 0.000000 100.001908 
49900.000000 0.989906 0.963320 96.334048 0.000000 100.002124 
50000.000000 0.989926 0.963608 96.365847 0.000000 100.005240 
50100.000000 0.989946 0.965506 96.556845 0.000000 100.006507 
50200.000000 0.989965 0.965243 96.531487 0.000000 100.007410 
50300.000000 0.989985 0.966355 96.644913 0.000000 100.009722 
50400.000000 0.990005 0.966412 96.649256 0.000000 100.008313 
50500.000000 0.989998 0.965181 96.526422 0.000000 100.008574 
50600.000000 0.990005 0.964664 96.476499 0.000000 100.010435 
50700.000000 0.989972 0.963390 96.347356 0.000000 100.008718 
50800.000000 0.989984 0.962833 96.295305 0.000000 100.012441 
50900.000000 0.989951 0.961660 96.175902 0.000000 100.010255 
51000.000000 0.989924 0.960465 96.056909 0.000000 100.010804 
51100.000000 0.989897 0.959420 95.950935 0.000000 100.009276 
51200.000000 0.989904 0.958418 95.851246 0.000000 100.009863 
51300.000000 0.989889 0.957605 95.769277 0.000000 100.009201 
51400.000000 0.989880 0.956625 95.667897 0.000000 100.005681 
51500.000000 0.989869 0.955637 95.570085 0.000000 100.006718 
51600.000000 0.989856 0.955038 95.507988 0.000000 100.004341 
51700.000000 0.989876 0.955767 95.586336 0.000000 100.010097 
51800.000000 0.989886 0.955919 95.602023 0.000000 100.010618 
51900.000000 0.989878 0.955179 95.526344 0.000000 100.008805 
52000.000000 0.989871 0.954411 95.451665 0.000000 100.011038 
52100.000000 0.989849 0.953054 95.316116 0.000000 100.011267 
52200.000000 0.989825 0.951900 95.201181 0.000000 100.011705 
52300.000000 0.989825 0.951061 95.115352 0.000000 100.009751 
52400.000000 0.989813 0.949941 95.004672 0.000000 100.011088 
52500.000000 0.989821 0.948951 94.904618 0.000000 100.010038 
52600.000000 0.989822 0.947818 94.790603 0.000000 100.009335 
52700.000000 0.989798 0.946631 94.671302 0.000000 100.008672 
52800.000000 0.989786 0.945594 94.567952 0.000000 100.009053 
52900.000000 0.989769 0.944371 94.445042 0.000000 100.008393 
53000.000000 0.989759 0.943206 94.326581 0.000000 100.006377 
53100.000000 0.989769 0.942938 94.300357 0.000000 100.007006 
53200.000000 0.989788 0.943966 94.400110 0.000000 100.003741 
53300.000000 0.989794 0.943579 94.361292 0.000000 100.003621 
53400.000000 0.989801 0.942802 94.285237 0.000000 100.005337 
53500.000000 0.989821 0.943612 94.364971 0.000000 100.004019 
53600.000000 0.989812 0.942645 94.267197 0.000000 100.002836 
53700.000000 0.989831 0.942249 94.229180 0.000000 100.004507 
53800.000000 0.989850 0.943359 94.342553 0.000000 100.007082 
53900.000000 0.989869 0.944592 94.465879 0.000000 100.007050 
54000.000000 0.989881 0.944255 94.432944 0.000000 100.007852 
54100.000000 0.989886 0.943835 94.390377 0.000000 100.007320 
54200.000000 0.989905 0.945417 94.550257 0.000000 100.009059 
54300.000000 0.989923 0.948793 94.886999 0.000000 100.008066 
54400.000000 0.989942 0.950826 95.087900 0.000000 100.005588 
54500.000000 0.989905 0.949527 94.958404 0.000000 100.006018 
54600.000000 0.989924 0.949471 94.954240 0.000000 100.007527 
54700.000000 0.989908 0.949066 94.913051 0.000000 100.006801 
54800.000000 0.989917 0.948488 94.856102 0.000000 100.007682 
54900.000000 0.989899 0.947304 94.738695 0.000000 100.008780 
55000.000000 0.989917 0.948416 94.851313 0.000000 100.010236 
55100.000000 0.989935 0.948655 94.877027 0.000000 100.012178 
55200.000000 0.989953 0.950367 95.048245 0.000000 100.012120 
55300.000000 0.989950 0.950054 95.015525 0.000000 100.010687 
55400.000000 0.989942 0.949909 94.998557 0.000000 100.008051 
55500.000000 0.989941 0.949178 94.923227 0.000000 100.005712 
55600.000000 0.989923 0.948206 94.826197 0.000000 100.005935 
55700.000000 0.989909 0.947013 94.706736 0.000000 100.005727 
55800.000000 0.989927 0.946345 94.641512 0.000000 100.007384 
55900.000000 0.989928 0.945666 94.575660 0.000000 100.009624 
56000.000000 0.989930 0.944788 94.489267 0.000000 100.011125 
56100.000000 0.989913 0.943802 94.388966 0.000000 100.009251 
56200.000000 0.989889 0.942712 94.278976 0.000000 100.008203 
56300.000000 0.989894 0.941881 94.197605 0.000000 100.010107 
56400.000000 0.989895 0.941008 94.111279 0.000000 100.011152 
56500.000000 0.989888 0.940122 94.021804 0.000000 100.010230 
56600.000000 0.989882 0.939200 93.931093 0.000000 100.011837 
56700.000000 0.989890 0.939319 93.943576 0.000000 100.012434 
56800.000000 0.989860 0.938183 93.829309 0.000000 100.011761 
56900.000000 0.989870 0.938266 93.839459 0.000000 100.013726 
57000.000000 0.989870 0.937796 93.791311 0.000000 100.012491 
57100.000000 0.989870 0.937467 93.760222 0.000000 100.014431 
57200.000000 0.989880 0.936914 93.704316 0.000000 100.013829 
57300.000000 0.989894 0.936545 93.667734 0.000000 100.014136 
57400.000000 0.989899 0.936028 93.615513 0.000000 100.013606 
57500.000000 0.989908 0.936002 93.612943 0.000000 100.013617 
57600.000000 0.989900 0.935099 93.521008 0.000000 100.011927 
57700.000000 0.989878 0.933913 93.400111 0.000000 100.009411 
57800.000000 0.989855 0.932739 93.280599 0.000000 100.007232 
57900.000000 0.989848 0.931982 93.203989 0.000000 100.006252 
58000.000000 0.989835 0.931304 93.134672 0.000000 100.004603 
58100.000000 0.989845 0.930604 93.064510 0.000000 100.004406 
58200.000000 0.989839 0.929940 92.997178 0.000000 100.003385 
58300.000000 0.989834 0.928988 92.901331 0.000000 100.002693 
58400.000000 0.989831 0.928137 92.817304 0.000000 100.003921 
58500.000000 0.989849 0.928693 92.875716 0.000000 100.006872 
58600.000000 0.989866 0.930400 93.045620 0.000000 100.006058 
58700.000000 0.989841 0.929196 92.924793 0.000000 100.005554 
58800.000000 0.989855 0.928457 92.850667 0.000000 100.005374 
58900.000000 0.989858 0.928392 92.843429 0.000000 100.004533 
59000.000000 0.989852 0.927654 92.769520 0.000000 100.004475 
59100.000000 0.989847 0.926719 92.676913 0.000000 100.005415 
59200.000000 0.989852 0.926248 92.631545 0.000000 100.007230 
59300.000000 0.989851 0.926560 92.661804 0.000000 100.006223 
59400.000000 0.989863 0.926736 92.681636 0.000000 100.008653 
59500.000000 0.989880 0.927558 92.763238 0.000000 100.008050 
59600.000000 0.989897 0.928040 92.813481 0.000000 100.010268 
59700.000000 0.989907 0.927618 92.769768 0.000000 100.008626 
59800.000000 0.989895 0.926691 92.676873 0.000000 100.008378 
59900.000000 0.989893 0.925790 92.586148 0.000000 100.007696 
60000.000000 0.989892 0.925610 92.569160 0.000000 100.008767 
60100.000000 0.989908 0.925583 92.566241 0.000000 100.008586 
60200.000000 0.989878 0.924547 92.462211 0.000000 100.008140 
60300.000000 0.989872 0.923782 92.386550 0.000000 100.009005 
60400.000000 0.989889 0.923760 92.384913 0.000000 100.009685 
60500.000000 0.989906 0.925236 92.531878 0.000000 100.008959 
60600.000000 0.989891 0.924169 92.426979 0.000000 100.010941 
60700.000000 0.989905 0.924212 92.433554 0.000000 100.013410 
60800.000000 0.989865 0.923112 92.319850 0.000000 100.009408 
60900.000000 0.989831 0.922022 92.207392 0.000000 100.005632 
61000.000000 0.989840 0.921747 92.181300 0.000000 100.007131 
61100.000000 0.989820 0.920839 92.088648 0.000000 100.005123 
61200.000000 0.989821 0.920353 92.039093 0.000000 100.004134 
61300.000000 0.989815 0.919838 91.989078 0.000000 100.005759 
61400.000000 0.989832 0.920672 92.073297 0.000000 100.006645 
61500.000000 0.989825 0.920031 92.007437 0.000000 100.004683 
61600.000000 0.989797 0.918991 91.902256 0.000000 100.003474 
61700.000000 0.989791 0.917974 91.800328 0.000000 100.003144 
61800.000000 0.989780 0.917187 91.721053 0.000000 100.002524 
61900.000000 0.989779 0.916958 91.697357 0.000000 100.001696 
62000.000000 0.989776 0.916386 91.639676 0.000000 100.001161 
62100.000000 0.989791 0.917069 91.710079 0.000000 100.003478 
62200.000000 0.989803 0.917432 91.747736 0.000000 100.004968 
62300.000000 0.989819 0.917725 91.776536 0.000000 100.004446 
62400.000000 0.989835 0.918062 91.811029 0.000000 100.005208 
62500.000000 0.989830 0.918134 91.819950 0.000000 100.007136 
62600.000000 0.989842 0.918047 91.810998 0.000000 100.006837 
62700.000000 0.989836 0.917218 91.727682 0.000000 100.006459 
62800.000000 0.989852 0.918148 91.822252 0.000000 100.008153 
62900.000000 0.989864 0.917769 91.784707 0.000000 100.008506 
63000.000000 0.989874 0.917324 91.742406 0.000000 100.010873 
63100.000000 0.989890 0.918090 91.819301 0.000000 100.011204 
63200.000000 0.989906 0.919130 91.925408 0.000000 100.013513 
63300.000000 0.989922 0.922474 92.258805 0.000000 100.012401 
63400.000000 0.989938 0.924186 92.429534 0.000000 100.011814 
63500.000000 0.989903 0.923448 92.355011 0.000000 100.011008 
63600.000000 0.989919 0.925433 92.554946 0.000000 100.012563 
63700.000000 0.989934 0.926462 92.655644 0.000000 100.010235 
63800.000000 0.989933 0.926551 92.664565 0.000000 100.010204 
63900.000000 0.989928 0.926403 92.648154 0.000000 100.008529 
64000.000000 0.989925 0.925637 92.572478 0.000000 100.009500 
64100.000000 0.989934 0.925089 92.519460 0.000000 100.011420 
64200.000000 0.989950 0.925342 92.545661 0.000000 100.012336 
64300.000000 0.989947 0.924508 92.461668 0.000000 100.011788 
64400.000000 0.989933 0.923606 92.371014 0.000000 100.011273 
64500.000000 0.989929 0.922723 92.283082 0.000000 100.011736 
64600.000000 0.989915 0.922111 92.222617 0.000000 100.012492 
64700.000000 0.989926 0.922921 92.302304 0.000000 100.011005 
64800.000000 0.989942 0.922653 92.276429 0.000000 100.012068 
64900.000000 0.989957 0.923208 92.334860 0.000000 100.015208 
65000.000000 0.989970 0.923008 92.314562 0.000000 100.014923 
65100.000000 0.989985 0.924317 92.446111 0.000000 100.015607 
65200.000000 0.990000 0.927054 92.719715 0.000000 100.015445 
65300.000000 0.990016 0.929528 92.969304 0.000000 100.017749 
65400.000000 0.990031 0.934103 93.428722 0.000000 100.019679 
65500.000000 0.990046 0.938815 93.898733 0.000000 100.018382 
65600.000000 0.990061 0.942279 94.244916 0.000000 100.018049 
65700.000000 0.990067 0.942317 94.248424 0.000000 100.017793 
65800.000000 0.990078 0.942688 94.287913 0.000000 100.020319 
65900.000000 0.990093 0.945226 94.541763 0.000000 100.020319 
66000.000000 0.990106 0.944931 94.511220 0.000000 100.019152 
66100.000000 0.990088 0.943953 94.412081 0.000000 100.017806 
66200.000000 0.990095 0.943858 94.403295 0.000000 100.018489 
66300.000000 0.990100 0.944410 94.460464 0.000000 100.020618 
66400.000000 0.990114 0.946895 94.711030 0.000000 100.022786 
66500.000000 0.990129 0.947522 94.775510 0.000000 100.024556 
66600.000000 0.990123 0.946679 94.690291 0.000000 100.023649 
66700.000000 0.990122 0.947188 94.742830 0.000000 100.025322 
66800.000000 0.990137 0.949124 94.937455 0.000000 100.026347 
66900.000000 0.990151 0.950286 95.055283 0.000000 100.028072 
67000.000000 0.990144 0.950055 95.031373 0.000000 100.027209 
67100.000000 0.990118 0.949063 94.930690 0.000000 100.025693 
67200.000000 0.990111 0.948324 94.857372 0.000000 100.026354 
67300.000000 0.990126 0.949237 94.950559 0.000000 100.028291 
67400.000000 0.990140 0.948778 94.906409 0.000000 100.030104 
67500.000000 0.990138 0.948274 94.855305 0.000000 100.029452 
67600.000000 0.990130 0.947539 94.780823 0.000000 100.028462 
67700.000000 0.990122 0.947103 94.736541 0.000000 100.027740 
67800.000000 0.990136 0.948612 94.887414 0.000000 100.027581 
67900.000000 0.990151 0.950158 95.041369 0.000000 100.026878 
68000.000000 0.990153 0.949571 94.982165 0.000000 100.026397 
68100.000000 0.990129 0.948707 94.895034 0.000000 100.025624 
68200.000000 0.990127 0.947959 94.820804 0.000000 100.026290 
68300.000000 0.990134 0.947678 94.792740 0.000000 100.026310 
68400.000000 0.990148 0.947385 94.763652 0.000000 100.026550 
68500.000000 0.990163 0.947768 94.803856 0.000000 100.028569 
68600.000000 0.990168 0.947611 94.787181 0.000000 100.027507 
68700.000000 0.990182 0.948437 94.870303 0.000000 100.028020 
68800.000000 0.990179 0.947430 94.769103 0.000000 100.027558 
68900.000000 0.990193 0.948748 94.903341 0.000000 100.030073 
69000.000000 0.990207 0.950899 95.119072 0.000000 100.030681 
69100.000000 0.990221 0.952681 95.296500 0.000000 100.029841 
69200.000000 0.990191 0.952348 95.262061 0.000000 100.028598 
69300.000000 0.990190 0.951645 95.191923 0.000000 100.028773 
69400.000000 0.990186 0.950644 95.092132 0.000000 100.029179 
69500.000000 0.990195 0.950762 95.105347 0.000000 100.030676 
69600.000000 0.990185 0.950017 95.028431 0.000000 100.028175 
69700.000000 0.990199 0.950464 95.075883 0.000000 100.031047 
69800.000000 0.990213 0.952826 95.313352 0.000000 100.032321 
69900.000000 0.990227 0.956539 95.686898 0.000000 100.034506 
70000.000000 0.990241 0.961217 96.154883 0.000000 100.034543 
70100.000000 0.990255 0.967065 96.741996 0.000000 100.036705 
70200.000000 0.990269 0.972723 97.308278 0.000000 100.036994 
70300.000000 0.990279 0.974790 97.512524 0.000000 100.034410 
70400.000000 0.990275 0.974124 97.447221 0.000000 100.035696 
70500.000000 0.990288 0.973543 97.390056 0.000000 100.036752 
70600.000000 0.990301 0.974227 97.458484 0.000000 100.036700 
70700.000000 0.990279 0.973351 97.369883 0.000000 100.035743 
70800.000000 0.990272 0.972661 97.300601 0.000000 100.035438 
70900.000000 0.990273 0.972010 97.236658 0.000000 100.036643 
71000.000000 0.990264 0.971530 97.189265 0.000000 100.037338 
71100.000000 0.990278 0.972373 97.276267 0.000000 100.040084 
71200.000000 0.990292 0.973111 97.349461 0.000000 100.039410 
71300.000000 0.990283 0.972219 97.259868 0.000000 100.039032 
71400.000000 0.990291 0.971842 97.223871 0.000000 100.040770 
71500.000000 0.990274 0.970898 97.128620 0.000000 100.040000 
71600.000000 0.990269 0.970676 97.106308 0.000000 100.039888 
71700.000000 0.990262 0.969801 97.019395 0.000000 100.040530 
71800.000000 0.990251 0.969210 96.961728 0.000000 100.042061 
71900.000000 0.990265 0.969275 96.969893 0.000000 100.043700 
72000.000000 0.990278 0.971142 97.159859 0.000000 100.047028 
72100.000000 0.990292 0.974036 97.448454 0.000000 100.046019 
72200.000000 0.990305 0.974543 97.498507 0.000000 100.045388 
72300.000000 0.990319 0.974529 97.497552 0.000000 100.045864 
72400.000000 0.990320 0.974151 97.459750 0.000000 100.045801 
72500.000000 0.990320 0.973316 97.377688 0.000000 100.047352 
72600.000000 0.990323 0.973052 97.351789 0.000000 100.047906 
72700.000000 0.990336 0.973462 97.393348 0.000000 100.048418 
72800.000000 0.990350 0.974157 97.463267 0.000000 100.048832 
72900.000000 0.990347 0.973583 97.405017 0.000000 100.047984 
73000.000000 0.990354 0.973508 97.397026 0.000000 100.047466 
73100.000000 0.990345 0.972830 97.328770 0.000000 100.047086 
73200.000000 0.990337 0.973002 97.344012 0.000000 100.045014 
73300.000000 0.990342 0.972556 97.299882 0.000000 100.045580 
73400.000000 0.990340 0.971871 97.229577 0.000000 100.043678 
73500.000000 0.990341 0.971080 97.154385 0.000000 100.047728 
73600.000000 0.990354 0.971580 97.205640 0.000000 100.048995 
73700.000000 0.990361 0.971093 97.155098 0.000000 100.047178 
73800.000000 0.990371 0.970310 97.077031 0.000000 100.047466 
73900.000000 0.990384 0.969588 97.003969 0.000000 100.046536 
74000.000000 0.990394 0.970227 97.068839 0.000000 100.047527 
74100.000000 0.990390 0.969833 97.027707 0.000000 100.045816 
74200.000000 0.990381 0.969157 96.959934 0.000000 100.045633 
74300.000000 0.990363 0.968508 96.892665 0.000000 100.043271 
74400.000000 0.990375 0.970037 97.047787 0.000000 100.045497 
74500.000000 0.990388 0.971505 97.196723 0.000000 100.047624 
74600.000000 0.990401 0.972352 97.281316 0.000000 100.047426 
74700.000000 0.990412 0.972104 97.257771 0.000000 100.048701 
74800.000000 0.990424 0.972645 97.313501 0.000000 100.050428 
74900.000000 0.990420 0.972180 97.265873 0.000000 100.049239 
75000.000000 0.990393 0.971329 97.178690 0.000000 100.047107 
75100.000000 0.990405 0.972044 97.253007 0.000000 100.050000 
75200.000000 0.990405 0.971873 97.235439 0.000000 100.049508 
75300.000000 0.990380 0.971001 97.146878 0.000000 100.048167 
75400.000000 0.990383 0.970396 97.085176 0.000000 100.046950 
75500.000000 0.990362 0.969604 97.003975 0.000000 100.044967 
75600.000000 0.990350 0.969211 96.965187 0.000000 100.045516 
75700.000000 0.990362 0.970152 97.062395 0.000000 100.048613 
75800.000000 0.990375 0.971897 97.238177 0.000000 100.049842 
75900.000000 0.990374 0.971516 97.201389 0.000000 100.051278 
76000.000000 0.990383 0.971243 97.173530 0.000000 100.050711 
76100.000000 0.990381 0.970939 97.143265 0.000000 100.050880 
76200.000000 0.990360 0.970098 97.056500 0.000000 100.048110 
76300.000000 0.990358 0.969701 97.015731 0.000000 100.047077 
76400.000000 0.990371 0.971386 97.186312 0.000000 100.049071 
76500.000000 0.990384 0.972624 97.309935 0.000000 100.048850 
76600.000000 0.990389 0.972054 97.252346 0.000000 100.048342 
76700.000000 0.990388 0.971837 97.231432 0.000000 100.049087 
76800.000000 0.990395 0.971504 97.199464 0.000000 100.050508 
76900.000000 0.990407 0.973344 97.383553 0.000000 100.050533 
77000.000000 0.990397 0.973094 97.358757 0.000000 100.050766 
77100.000000 0.990379 0.972286 97.277811 0.000000 100.050661 
77200.000000 0.990385 0.972197 97.269318 0.000000 100.051036 
77300.000000 0.990398 0.973506 97.400577 0.000000 100.051345 
77400.000000 0.990410 0.973589 97.407233 0.000000 100.049599 
77500.000000 0.990422 0.972941 97.344521 0.000000 100.051832 
77600.000000 0.990429 0.972968 97.348607 0.000000 100.053196 
77700.000000 0.990441 0.973368 97.388231 0.000000 100.052793 
77800.000000 0.990432 0.972469 97.296879 0.000000 100.051401 
77900.000000 0.990412 0.971625 97.211524 0.000000 100.050488 
78000.000000 0.990418 0.971251 97.173379 0.000000 100.049731 
78100.000000 0.990393 0.970372 97.085620 0.000000 100.049859 
78200.000000 0.990397 0.970067 97.054753 0.000000 100.049578 
78300.000000 0.990409 0.973361 97.384609 0.000000 100.049885 
78400.000000 0.990422 0.978044 97.855550 0.000000 100.052283 
78500.000000 0.990434 0.981794 98.229899 0.000000 100.051465 
78600.000000 0.990446 0.984817 98.530863 0.000000 100.049962 
78700.000000 0.990451 0.984139 98.463853 0.000000 100.050801 
78800.000000 0.990450 0.983734 98.423251 0.000000 100.050698 
78900.000000 0.990458 0.983421 98.391201 0.000000 100.049911 
79000.000000 0.990466 0.982732 98.323471 0.000000 100.051165 
79100.000000 0.990477 0.982801 98.330679 0.000000 100.051429 
79200.000000 0.990465 0.982038 98.254038 0.000000 100.051136 
79300.000000 0.990457 0.981300 98.178880 0.000000 100.049760 
79400.000000 0.990436 0.980376 98.086003 0.000000 100.049383 
79500.000000 0.990419 0.979526 97.999153 0.000000 100.047547 
79600.000000 0.990401 0.978627 97.908888 0.000000 100.047236 
79700.000000 0.990386 0.977937 97.838570 0.000000 100.045922 
79800.000000 0.990388 0.978352 97.879614 0.000000 100.045426 
79900.000000 0.990400 0.979283 97.974025 0.000000 100.046733 
80000.000000 0.990412 0.981615 98.208062 0.000000 100.047450 
80100.000000 0.990424 0.982418 98.288300 0.000000 100.047378 
80200.000000 0.990403 0.981479 98.194354 0.000000 100.047307 
80300.000000 0.990391 0.980537 98.099589 0.000000 100.046837 
80400.000000 0.990389 0.979745 98.021272 0.000000 100.047761 
80500.000000 0.990399 0.979557 98.001733 0.000000 100.046969 
80600.000000 0.990407 0.979079 97.954653 0.000000 100.047730 
80700.000000 0.990409 0.978537 97.900389 0.000000 100.047695 
80800.000000 0.990386 0.977700 97.814695 0.000000 100.045743 
80900.000000 0.990394 0.977332 97.778283 0.000000 100.046119 
81000.000000 0.990400 0.976831 97.728268 0.000000 100.046198 
81100.000000 0.990412 0.978414 97.885184 0.000000 100.044723 
81200.000000 0.990424 0.979317 97.979475 0.000000 100.048818 
81300.000000 0.990436 0.982670 98.315732 0.000000 100.049606 
81400.000000 0.990447 0.984397 98.486835 0.000000 100.047875 
81500.000000 0.990459 0.986248 98.673127 0.000000 100.048957 
81600.000000 0.990471 0.987104 98.759649 0.000000 100.049926 
81700.000000 0.990455 0.986264 98.675618 0.000000 100.049878 
81800.000000 0.990467 0.986694 98.720529 0.000000 100.051858 
81900.000000 0.990478 0.987752 98.827686 0.000000 100.053175 
82000.000000 0.990490 0.988464 98.898967 0.000000 100.053195 
82100.000000 0.990501 0.989001 98.955377 0.000000 100.055859 
82200.000000 0.990513 0.989812 99.036357 0.000000 100.055754 
82300.000000 0.990502 0.988985 98.954490 0.000000 100.056610 
82400.000000 0.990513 0.988648 98.921728 0.000000 100.057609 
82500.000000 0.990524 0.988484 98.906190 0.000000 100.058497 
82600.000000 0.990532 0.988115 98.869068 0.000000 100.058245 
82700.000000 0.990537 0.987518 98.810828 0.000000 100.059758 
82800.000000 0.990548 0.987985 98.858520 0.000000 100.060797 
82900.000000 0.990552 0.987567 98.816860 0.000000 100.060905 
83000.000000 0.990547 0.987106 98.770783 0.000000 100.061012 
83100.000000 0.990544 0.986462 98.705514 0.000000 100.060168 
83200.000000 0.990523 0.985637 98.622130 0.000000 100.059303 
83300.000000 0.990531 0.985450 98.603995 0.000000 100.059880 
83400.000000 0.990543 0.985614 98.621519 0.000000 100.060947 
83500.000000 0.990547 0.984955 98.556295 0.000000 100.061737 
83600.000000 0.990539 0.984571 98.517341 0.000000 100.061136 
83700.000000 0.990529 0.983818 98.440523 0.000000 100.059642 
83800.000000 0.990530 0.983086 98.367558 0.000000 100.059988 
83900.000000 0.990515 0.982278 98.285879 0.000000 100.059082 
84000.000000 0.990502 0.981491 98.207281 0.000000 100.059286 
84100.000000 0.990501 0.981596 98.218154 0.000000 100.059643 
84200.000000 0.990513 0.981377 98.196351 0.000000 100.059810 
84300.000000 0.990506 0.980922 98.150782 0.000000 100.059703 
84400.000000 0.990510 0.981077 98.164570 0.000000 100.057962 
84500.000000 0.990492 0.980214 98.077541 0.000000 100.057302 
84600.000000 0.990494 0.979558 98.010099 0.000000 100.055461 
84700.000000 0.990489 0.978741 97.927254 0.000000 100.054286 
84800.000000 0.990484 0.978158 97.869249 0.000000 100.054623 
84900.000000 0.990475 0.977494 97.802023 0.000000 100.053804 
85000.000000 0.990444 0.976660 97.718276 0.000000 100.053553 
85100.000000 0.990455 0.976751 97.728812 0.000000 100.055006 
85200.000000 0.990463 0.976447 97.699616 0.000000 100.056279 
85300.000000 0.990474 0.976475 97.702005 0.000000 100.055838 
85400.000000 0.990485 0.977090 97.766014 0.000000 100.058314 
85500.000000 0.990496 0.978625 97.923616 0.000000 100.062456 
85600.000000 0.990507 0.981014 98.163324 0.000000 100.063107 
85700.000000 0.990518 0.981918 98.254147 0.000000 100.063477 
85800.000000 0.990523 0.981754 98.236841 0.000000 100.062611 
85900.000000 0.990492 0.980906 98.149693 0.000000 100.060210 
86000.000000 0.990460 0.980085 98.066223 0.000000 100.058930 
86100.000000 0.990453 0.979371 97.994856 0.000000 100.059013 
86200.000000 0.990423 0.978467 97.902323 0.000000 100.056810 
86300.000000 0.990423 0.977904 97.847604 0.000000 100.058505 
86400.000000 0.990398 0.977005 97.755596 0.000000 100.056435 
86500.000000 0.990402 0.976457 97.702415 0.000000 100.058046 
86600.000000 0.990406 0.975858 97.641985 0.000000 100.057540 
86700.000000 0.990411 0.975167 97.573102 0.000000 100.057820 
86800.000000 0.990419 0.974674 97.524741 0.000000 100.058871 
86900.000000 0.990430 0.974257 97.483213 0.000000 100.058987 
87000.000000 0.990418 0.973571 97.414660 0.000000 100.059103 
87100.000000 0.990414 0.973297 97.386958 0.000000 100.058863 
87200.000000 0.990425 0.973775 97.435165 0.000000 100.059174 
87300.000000 0.990436 0.975154 97.573430 0.000000 100.059473 
87400.000000 0.990447 0.976067 97.665747 0.000000 100.060446 
87500.000000 0.990456 0.976140 97.672334 0.000000 100.059714 
87600.000000 0.990418 0.975273 97.583779 0.000000 100.057888 
87700.000000 0.990413 0.974551 97.510449 0.000000 100.056784 
87800.000000 0.990417 0.974147 97.471612 0.000000 100.058394 
87900.000000 0.990428 0.974816 97.538146 0.000000 100.057986 
88000.000000 0.990439 0.975448 97.600678 0.000000 100.057307 
88100.000000 0.990450 0.975319 97.588741 0.000000 100.058241 
88200.000000 0.990455 0.974835 97.540364 0.000000 100.058322 
88300.000000 0.990466 0.974890 97.545597 0.000000 100.058086 
88400.000000 0.990472 0.974921 97.546800 0.000000 100.056120 
88500.000000 0.990445 0.974486 97.502153 0.000000 100.054938 
88600.000000 0.990435 0.973693 97.421610 0.000000 100.053691 
88700.000000 0.990416 0.973184 97.370068 0.000000 100.053078 
88800.000000 0.990427 0.972962 97.348278 0.000000 100.053514 
88900.000000 0.990413 0.972158 97.269873 0.000000 100.055636 
89000.000000 0.990416 0.971577 97.211797 0.000000 100.055730 
89100.000000 0.990406 0.970920 97.146102 0.000000 100.055713 
89200.000000 0.990415 0.970780 97.132996 0.000000 100.056682 
89300.000000 0.990421 0.970398 97.095387 0.000000 100.057268 
89400.000000 0.990429 0.971229 97.181071 0.000000 100.059866 
89500.000000 0.990440 0.972129 97.273594 0.000000 100.062436 
89600.000000 0.990450 0.975335 97.594611 0.000000 100.062634 
89700.000000 0.990461 0.977228 97.782771 0.000000 100.061360 
89800.000000 0.990437 0.976463 97.704830 0.000000 100.059989 
89900.000000 0.990428 0.975995 97.656460 0.000000 100.058354 
90000.000000 0.990404 0.975296 97.584727 0.000000 100.056522 
90100.000000 0.990410 0.975164 97.570592 0.000000 100.055583 
90200.000000 0.990385 0.974340 97.487121 0.000000 100.054568 
90300.000000 0.990384 0.973687 97.423140 0.000000 100.055880 
90400.000000 0.990381 0.973115 97.365865 0.000000 100.055830 
90500.000000 0.990367 0.972442 97.298769 0.000000 100.056166 
90600.000000 0.990367 0.971820 97.235521 0.000000 100.055033 
90700.000000 0.990368 0.971266 97.180140 0.000000 100.055083 
90800.000000 0.990359 0.970528 97.105523 0.000000 100.054284 
90900.000000 0.990350 0.969892 97.041744 0.000000 100.054147 
91000.000000 0.990359 0.969729 97.026911 0.000000 100.055736 
91100.000000 0.990370 0.970680 97.122948 0.000000 100.056586 
91200.000000 0.990367 0.970222 97.077289 0.000000 100.056809 
91300.000000 0.990361 0.970286 97.084935 0.000000 100.058018 
91400.000000 0.990371 0.971940 97.250181 0.000000 100.057812 
91500.000000 0.990373 0.972464 97.301750 0.000000 100.056907 
91600.000000 0.990380 0.972462 97.302798 0.000000 100.058210 
91700.000000 0.990369 0.972045 97.261003 0.000000 100.058113 
91800.000000 0.990370 0.971444 97.201099 0.000000 100.058410 
91900.000000 0.990381 0.972148 97.271668 0.000000 100.058509 
92000.000000 0.990391 0.973047 97.362767 0.000000 100.059707 
92100.000000 0.990402 0.974318 97.490139 0.000000 100.059826 
92200.000000 0.990412 0.974211 97.480625 -0.000000 100.061074 
92300.000000 0.990422 0.974588 97.519007 0.000000 100.061809 
92400.000000 0.990408 0.973937 97.453168 0.000000 100.061028 
92500.000000 0.990415 0.973432 97.403381 -0.000000 100.061870 
92600.000000 0.990378 0.972782 97.336952 -0.000000 100.060421 
92700.000000 0.990380 0.972465 97.307213 -0.000000 100.062470 
92800.000000 0.990383 0.972629 97.323615 -0.000000 100.062446 
92900.000000 0.990387 0.971967 97.258114 -0.000000 100.063154 
93000.000000 0.990377 0.971247 97.186447 -0.000000 100.063548 
93100.000000 0.990386 0.970964 97.159556 -0.000000 100.065081 
93200.000000 0.990396 0.970777 97.140945 -0.000000 100.065193 
93300.000000 0.990399 0.970664 97.129547 -0.000000 100.065091 
93400.000000 0.990397 0.970268 97.089066 -0.000000 100.064197 
93500.000000 0.990397 0.969739 97.035323 -0.000000 100.063316 
93600.000000 0.990390 0.968987 96.959524 -0.000000 100.062756 
93700.000000 0.990388 0.968264 96.886392 -0.000000 100.061974 
93800.000000 0.990392 0.967771 96.837089 -0.000000 100.061962 
93900.000000 0.990369 0.966999 96.759944 -0.000000 100.062045 
94000.000000 0.990355 0.966253 96.684872 -0.000000 100.061638 
94100.000000 0.990360 0.965996 96.659821 -0.000000 100.062327 
94200.000000 0.990350 0.965310 96.590824 -0.000000 100.061975 
94300.000000 0.990326 0.964593 96.518352 -0.000000 100.061230 
94400.000000 0.990321 0.964412 96.500106 -0.000000 100.061070 
94500.000000 0.990318 0.964284 96.486129 -0.000000 100.059820 
94600.000000 0.990328 0.965159 96.574267 -0.000000 100.060444 
94700.000000 0.990338 0.966179 96.677029 -0.000000 100.061193 
94800.000000 0.990335 0.965841 96.641985 -0.000000 100.059958 
94900.000000 0.990326 0.965219 96.578972 -0.000000 100.059178 
95000.000000 0.990330 0.964795 96.537782 -0.000000 100.060358 
95100.000000 0.990340 0.965993 96.658255 -0.000000 100.061073 
95200.000000 0.990350 0.966439 96.702485 -0.000000 100.060651 
95300.000000 0.990360 0.966652 96.725207 -0.000000 100.062120 
95400.000000 0.990360 0.966364 96.695994 -0.000000 100.061635 
95500.000000 0.990353 0.965670 96.626373 -0.000000 100.061497 
95600.000000 0.990347 0.965509 96.609816 -0.000000 100.060983 
95700.000000 0.990357 0.965784 96.637914 -0.000000 100.061588 
95800.000000 0.990363 0.965498 96.610047 -0.000000 100.062432 
95900.000000 0.990368 0.965326 96.591710 -0.000000 100.061251 
96000.000000 0.990351 0.964527 96.510272 -0.000000 100.059677 
96100.000000 0.990353 0.964137 96.470727 -0.000000 100.059136 
96200.000000 0.990362 0.964412 96.498539 -0.000000 100.059449 
96300.000000 0.990372 0.965356 96.593913 -0.000000 100.060374 
96400.000000 0.990382 0.966706 96.728814 -0.000000 100.060197 
96500.000000 0.990392 0.967337 96.792972 -0.000000 100.061223 
96600.000000 0.990389 0.966784 96.738158 -0.000000 100.061822 
96700.000000 0.990387 0.966162 96.674928 -0.000000 100.060776 
96800.000000 0.990393 0.965850 96.643429 -0.000000 100.060517 
96900.000000 0.990394 0.965407 96.601317 -0.000000 100.062755 
97000.000000 0.990402 0.965096 96.570726 -0.000000 100.063371 
97100.000000 0.990401 0.964718 96.532003 -0.000000 100.062358 
97200.000000 0.990398 0.964366 96.497185 -0.000000 100.062840 
97300.000000 0.990402 0.963983 96.458456 -0.000000 100.062364 
97400.000000 0.990404 0.963838 96.444023 -0.000000 100.062454 
97500.000000 0.990412 0.963446 96.403092 -0.000000 100.060718 
97600.000000 0.990410 0.963458 96.404367 -0.000000 100.060820 
97700.000000 0.990420 0.964020 96.460925 -0.000000 100.061095 
97800.000000 0.990430 0.966009 96.660433 -0.000000 100.061667 
97900.000000 0.990438 0.966289 96.687938 -0.000000 100.061073 
98000.000000 0.990433 0.965851 96.644132 -0.000000 100.061071 
98100.000000 0.990436 0.965625 96.621702 -0.000000 100.061274 
98200.000000 0.990423 0.964995 96.558111 -0.000000 100.060774 
98300.000000 0.990432 0.964560 96.514464 -0.000000 100.060651 
98400.000000 0.990441 0.964644 96.523690 -0.000000 100.061433 
98500.000000 0.990450 0.964776 96.535954 -0.000000 100.060457 
98600.000000 0.990441 0.964527 96.511780 -0.000000 100.061217 
98700.000000 0.990449 0.964748 96.532412 -0.000000 100.059716 
98800.000000 0.990448 0.964196 96.476919 -0.000000 100.059494 
98900.000000 0.990447 0.963789 96.437508 -0.000000 100.060799 
99000.000000 0.990456 0.964364 96.495178 -0.000000 100.060980 
99100.000000 0.990466 0.965136 96.572165 -0.000000 100.060646 
99200.000000 0.990474 0.964886 96.548268 -0.000000 100.061815 
99300.000000 0.990477 0.964458 96.506277 -0.000000 100.062749 
99400.000000 0.990486 0.964155 96.476730 -0.000000 100.063511 
99500.000000 0.990489 0.963832 96.444689 -0.000000 100.063789 
99600.000000 0.990487 0.965031 96.565613 -0.000000 100.064759 
99700.000000 0.990497 0.966714 96.733886 -0.000000 100.064684 
99800.000000 0.990507 0.968442 96.908177 -0.000000 100.066042 
99900.000000 0.990516 0.970151 97.080290 -0.000000 100.067147 
100000.000000 0.990506 0.969543 97.019329 -0.000000 100.067040 
